alg       queue  map  start_id  goal_id  constraint  min_cost1  min_cost2  budget  sol_cost1  sol_cost2  runtime(s)  search_malloc(KB)
WC_A  bucket  BAY   300581    239929        15   1375281   1673523    1764682    1390386    1764369     0.044916       1252
WC_A  bucket  BAY   300581    239929        30   1375281   1673523    1855841    1385103    1811846     0.045555       1252
WC_A  bucket  BAY   300581    239929        45   1375281   1673523    1947001    1382902    1946445     0.044329       1252
WC_A  bucket  BAY   300581    239929        60   1375281   1673523    2038160    1378238    2011912     0.041913       1252
WC_A  bucket  BAY   300581    239929        75   1375281   1673523    2129319    1376080    2103801     0.041498       1252
WC_A  bucket  BAY   300581    239929        90   1375281   1673523    2220479    1376080    2103801     0.042500       1252
WC_A  bucket  BAY   308644    184370        15    568508    642059     676738     570134     673669     0.001963        791
WC_A  bucket  BAY   308644    184370        30    568508    642059     711418     569047     697382     0.002288        791
WC_A  bucket  BAY   308644    184370        45    568508    642059     746098     568881     713772     0.002182        791
WC_A  bucket  BAY   308644    184370        60    568508    642059     780777     568881     713772     0.001878        791
WC_A  bucket  BAY   308644    184370        75    568508    642059     815457     568881     713772     0.001927        791
WC_A  bucket  BAY   308644    184370        90    568508    642059     850137     568881     713772     0.001987        791
WC_A  bucket  BAY    60979    246872        15    831174   1012498    1074362     851203    1072633     0.023121       1180
WC_A  bucket  BAY    60979    246872        30    831174   1012498    1136227     846571    1127435     0.025411       1180
WC_A  bucket  BAY    60979    246872        45    831174   1012498    1198091     835185    1159570     0.021113       1180
WC_A  bucket  BAY    60979    246872        60    831174   1012498    1259956     831973    1247477     0.021175       1180
WC_A  bucket  BAY    60979    246872        75    831174   1012498    1321820     831973    1247477     0.021214       1180
WC_A  bucket  BAY    60979    246872        90    831174   1012498    1383685     831403    1381106     0.021593       1180
WC_A  bucket  BAY   145396     10594        15   1291899   1517625    1702230    1436519    1693487     0.037909       2083
WC_A  bucket  BAY   145396     10594        30   1291899   1517625    1886835    1418450    1883964     0.039585       2083
WC_A  bucket  BAY   145396     10594        45   1291899   1517625    2071441    1394276    2069816     0.029116       2083
WC_A  bucket  BAY   145396     10594        60   1291899   1517625    2256046    1353092    2255637     0.029415       2083
WC_A  bucket  BAY   145396     10594        75   1291899   1517625    2440652    1329909    2434137     0.030594       2083
WC_A  bucket  BAY   145396     10594        90   1291899   1517625    2625257    1303723    2623484     0.029159       2083
WC_A  bucket  BAY    93120    112301        15   1665108   1795670    1850114    1677523    1848424     0.019970       1199
WC_A  bucket  BAY    93120    112301        30   1665108   1795670    1904559    1669891    1898571     0.021743       1199
WC_A  bucket  BAY    93120    112301        45   1665108   1795670    1959004    1668009    1956633     0.020604       1199
WC_A  bucket  BAY    93120    112301        60   1665108   1795670    2013449    1668009    1956633     0.020719       1199
WC_A  bucket  BAY    93120    112301        75   1665108   1795670    2067893    1667445    2056151     0.020445       1199
WC_A  bucket  BAY    93120    112301        90   1665108   1795670    2122338    1666273    2121197     0.020737       1199
WC_A  bucket  BAY    29560     74996        15    708035    946608    1031620     872497    1017704     0.012039       2266
WC_A  bucket  BAY    29560     74996        30    708035    946608    1116633     861043    1112182     0.017450       2266
WC_A  bucket  BAY    29560     74996        45    708035    946608    1201645     855074    1195465     0.016798       2266
WC_A  bucket  BAY    29560     74996        60    708035    946608    1286658     825088    1278425     0.015192       2266
WC_A  bucket  BAY    29560     74996        75    708035    946608    1371670     814234    1359489     0.015898       2266
WC_A  bucket  BAY    29560     74996        90    708035    946608    1456683     725387    1455448     0.014118       2266
WC_A  bucket  BAY   152668    141028        15    305908    435611     455988     308491     455833     0.003072        828
WC_A  bucket  BAY   152668    141028        30    305908    435611     476366     308285     470580     0.003556        828
WC_A  bucket  BAY   152668    141028        45    305908    435611     496744     308285     470580     0.003443        828
WC_A  bucket  BAY   152668    141028        60    305908    435611     517122     308285     470580     0.003471        828
WC_A  bucket  BAY   152668    141028        75    305908    435611     537500     308285     470580     0.003562        828
WC_A  bucket  BAY   152668    141028        90    305908    435611     557877     308285     470580     0.003818        828
WC_A  bucket  BAY   276975    142066        15    868842   1237680    1299087     891158    1296536     0.012082       1043
WC_A  bucket  BAY   276975    142066        30    868842   1237680    1360495     880841    1354425     0.011374       1043
WC_A  bucket  BAY   276975    142066        45    868842   1237680    1421903     876433    1410211     0.011785       1043
WC_A  bucket  BAY   276975    142066        60    868842   1237680    1483311     871897    1475945     0.011835       1043
WC_A  bucket  BAY   276975    142066        75    868842   1237680    1544718     870721    1536680     0.011465       1043
WC_A  bucket  BAY   276975    142066        90    868842   1237680    1606126     869527    1582295     0.011517       1043
WC_A  bucket  BAY   197168    232792        15    697640    946102     994486     749680     989800     0.017847       1512
WC_A  bucket  BAY   197168    232792        30    697640    946102    1042870     702701    1042787     0.022417       1512
WC_A  bucket  BAY   197168    232792        45    697640    946102    1091254     700021    1089475     0.018650       1512
WC_A  bucket  BAY   197168    232792        60    697640    946102    1139638     699507    1112045     0.017676       1512
WC_A  bucket  BAY   197168    232792        75    697640    946102    1188022     699507    1112045     0.018192       1512
WC_A  bucket  BAY   197168    232792        90    697640    946102    1236406     699507    1112045     0.018719       1512
WC_A  bucket  BAY   142796     95034        15   1443078   1556611    1579375    1474465    1577951     0.016680       1119
WC_A  bucket  BAY   142796     95034        30   1443078   1556611    1602139    1453012    1599801     0.017640       1119
WC_A  bucket  BAY   142796     95034        45   1443078   1556611    1624904    1447613    1620841     0.018702       1119
WC_A  bucket  BAY   142796     95034        60   1443078   1556611    1647668    1445778    1634358     0.017760       1119
WC_A  bucket  BAY   142796     95034        75   1443078   1556611    1670433    1444697    1664526     0.018407       1119
WC_A  bucket  BAY   142796     95034        90   1443078   1556611    1693197    1444159    1678206     0.019310       1119
WC_A  bucket  BAY   209344    239621        15    773667    825571     827258     776914     825571     0.012795        793
WC_A  bucket  BAY   209344    239621        30    773667    825571     828945     776914     825571     0.013747        793
WC_A  bucket  BAY   209344    239621        45    773667    825571     830632     776914     825571     0.012067        793
WC_A  bucket  BAY   209344    239621        60    773667    825571     832319     776914     825571     0.012884        793
WC_A  bucket  BAY   209344    239621        75    773667    825571     834006     776914     825571     0.011427        793
WC_A  bucket  BAY   209344    239621        90    773667    825571     835693     776914     825571     0.012706        793
WC_A  bucket  BAY   306977     88924        15   1779285   2171745    2242467    1791454    2228528     0.035467       1331
WC_A  bucket  BAY   306977     88924        30   1779285   2171745    2313190    1787314    2311302     0.037400       1331
WC_A  bucket  BAY   306977     88924        45   1779285   2171745    2383913    1784576    2382701     0.034496       1331
WC_A  bucket  BAY   306977     88924        60   1779285   2171745    2454636    1781526    2451365     0.037173       1331
WC_A  bucket  BAY   306977     88924        75   1779285   2171745    2525359    1779986    2500781     0.037310       1331
WC_A  bucket  BAY   306977     88924        90   1779285   2171745    2596082    1779617    2547752     0.037414       1331
WC_A  bucket  BAY   221705    163317        15    783371    868048     891752     814351     889028     0.015987       1088
WC_A  bucket  BAY   221705    163317        30    783371    868048     915456     805144     911912     0.019279       1088
WC_A  bucket  BAY   221705    163317        45    783371    868048     939160     796200     938389     0.016571       1088
WC_A  bucket  BAY   221705    163317        60    783371    868048     962864     793203     962416     0.016218       1088
WC_A  bucket  BAY   221705    163317        75    783371    868048     986568     790065     983373     0.016043       1088
WC_A  bucket  BAY   221705    163317        90    783371    868048    1010272     787796    1008750     0.015896       1088
WC_A  bucket  BAY    21449     20778        15     39770     94298      95067      42517      94298     0.000190        789
WC_A  bucket  BAY    21449     20778        30     39770     94298      95837      40576      95606     0.000199        789
WC_A  bucket  BAY    21449     20778        45     39770     94298      96606      40576      95606     0.000195        789
WC_A  bucket  BAY    21449     20778        60     39770     94298      97376      40576      95606     0.000209        789
WC_A  bucket  BAY    21449     20778        75     39770     94298      98146      40562      97519     0.000223        789
WC_A  bucket  BAY    21449     20778        90     39770     94298      98915      40415      98623     0.000206        789
WC_A  bucket  BAY    68873    219647        15    816371   1050691    1142990     973148    1131205     0.022745       2248
WC_A  bucket  BAY    68873    219647        30    816371   1050691    1235290     963868    1209566     0.024979       2248
WC_A  bucket  BAY    68873    219647        45    816371   1050691    1327590     955182    1322526     0.022143       2248
WC_A  bucket  BAY    68873    219647        60    816371   1050691    1419890     927170    1416263     0.022898       2248
WC_A  bucket  BAY    68873    219647        75    816371   1050691    1512190     910648    1505092     0.022884       2248
WC_A  bucket  BAY    68873    219647        90    816371   1050691    1604489     830986    1603349     0.021236       2248
WC_A  bucket  BAY   305817    294458        15    323623    651722     675321     340255     668527     0.002629        946
WC_A  bucket  BAY   305817    294458        30    323623    651722     698921     337312     695489     0.002752        946
WC_A  bucket  BAY   305817    294458        45    323623    651722     722520     336961     709339     0.002508        946
WC_A  bucket  BAY   305817    294458        60    323623    651722     746120     330808     726144     0.002469        946
WC_A  bucket  BAY   305817    294458        75    323623    651722     769720     330808     726144     0.002855        946
WC_A  bucket  BAY   305817    294458        90    323623    651722     793319     330808     726144     0.002465        946
WC_A  bucket  BAY     4344    246538        15    835326    975386    1019795     862677    1019097     0.024170       1076
WC_A  bucket  BAY     4344    246538        30    835326    975386    1064205     854884    1058452     0.028695       1076
WC_A  bucket  BAY     4344    246538        45    835326    975386    1108615     844334    1108198     0.023771       1076
WC_A  bucket  BAY     4344    246538        60    835326    975386    1153025     839050    1143196     0.022667       1076
WC_A  bucket  BAY     4344    246538        75    835326    975386    1197435     838060    1184757     0.021519       1076
WC_A  bucket  BAY     4344    246538        90    835326    975386    1241845     836316    1229891     0.021050       1076
WC_A  bucket  BAY    79042    108286        15    288514    716817     717486     300690     716817     0.003993        863
WC_A  bucket  BAY    79042    108286        30    288514    716817     718156     300690     716817     0.003926        863
WC_A  bucket  BAY    79042    108286        45    288514    716817     718826     300690     716817     0.003777        863
WC_A  bucket  BAY    79042    108286        60    288514    716817     719496     300690     716817     0.003838        863
WC_A  bucket  BAY    79042    108286        75    288514    716817     720165     296072     719542     0.003979        863
WC_A  bucket  BAY    79042    108286        90    288514    716817     720835     296072     719542     0.003871        863
WC_A  bucket  BAY   128060     29999        15   1725961   1928437    2151821    1859885    2150798     0.057372       1964
WC_A  bucket  BAY   128060     29999        30   1725961   1928437    2375206    1856690    2352937     0.078033       1964
WC_A  bucket  BAY   128060     29999        45   1725961   1928437    2598590    1820852    2598584     0.074312       1964
WC_A  bucket  BAY   128060     29999        60   1725961   1928437    2821975    1812053    2816926     0.075951       1964
WC_A  bucket  BAY   128060     29999        75   1725961   1928437    3045359    1763262    3044460     0.064052       1964
WC_A  bucket  BAY   128060     29999        90   1725961   1928437    3268744    1732876    3268078     0.045679       1964
WC_A  bucket  BAY   149733    271437        15   1164202   1276828    1351131    1190821    1337470     0.009681        990
WC_A  bucket  BAY   149733    271437        30   1164202   1276828    1425435    1185979    1423924     0.011610        990
WC_A  bucket  BAY   149733    271437        45   1164202   1276828    1499739    1177038    1493473     0.008797        990
WC_A  bucket  BAY   149733    271437        60   1164202   1276828    1574043    1168877    1563172     0.008431        990
WC_A  bucket  BAY   149733    271437        75   1164202   1276828    1648347    1167027    1621415     0.009204        990
WC_A  bucket  BAY   149733    271437        90   1164202   1276828    1722651    1165458    1699871     0.009057        990
WC_A  bucket  BAY   241933     99269        15   1255061   1865175    2002753    1500890    2001505     0.021997       3851
WC_A  bucket  BAY   241933     99269        30   1255061   1865175    2140331    1490412    2072468     0.035114       3851
WC_A  bucket  BAY   241933     99269        45   1255061   1865175    2277909    1490412    2072468     0.040847       3851
WC_A  bucket  BAY   241933     99269        60   1255061   1865175    2415487    1289013    2415035     0.031620       3851
WC_A  bucket  BAY   241933     99269        75   1255061   1865175    2553066    1258871    2552969     0.022888       3851
WC_A  bucket  BAY   241933     99269        90   1255061   1865175    2690644    1255269    2680323     0.022110       3851
WC_A  bucket  BAY   182892    152827        15    749230    833750     836349     778513     833750     0.001742        996
WC_A  bucket  BAY   182892    152827        30    749230    833750     838949     769011     837860     0.001868        996
WC_A  bucket  BAY   182892    152827        45    749230    833750     841549     769011     837860     0.002567        996
WC_A  bucket  BAY   182892    152827        60    749230    833750     844149     769011     837860     0.002411        996
WC_A  bucket  BAY   182892    152827        75    749230    833750     846749     769011     837860     0.002669        996
WC_A  bucket  BAY   182892    152827        90    749230    833750     849348     769011     837860     0.002602        996
WC_A  bucket  BAY   204022    306259        15   1364872   1696079    1782813    1403201    1770807     0.024862       2141
WC_A  bucket  BAY   204022    306259        30   1364872   1696079    1869547    1390426    1851410     0.031819       2141
WC_A  bucket  BAY   204022    306259        45   1364872   1696079    1956282    1390426    1851410     0.034687       2141
WC_A  bucket  BAY   204022    306259        60   1364872   1696079    2043016    1390426    1851410     0.037546       2141
WC_A  bucket  BAY   204022    306259        75   1364872   1696079    2129750    1389716    2094261     0.036063       2141
WC_A  bucket  BAY   204022    306259        90   1364872   1696079    2216485    1376941    2174864     0.034491       2141
WC_A  bucket  BAY   244039     39696        15    608988    820920     853949     664029     849281     0.009037       2076
WC_A  bucket  BAY   244039     39696        30    608988    820920     886979     647457     881608     0.011212       2076
WC_A  bucket  BAY   244039     39696        45    608988    820920     920008     632272     915869     0.012759       2076
WC_A  bucket  BAY   244039     39696        60    608988    820920     953038     622481     950463     0.012528       2076
WC_A  bucket  BAY   244039     39696        75    608988    820920     986067     621763     960514     0.013305       2076
WC_A  bucket  BAY   244039     39696        90    608988    820920    1019097     611568    1016810     0.013107       2076
WC_A  bucket  BAY     6070     87935        15    512911    564722     608617     516275     605838     0.003168        895
WC_A  bucket  BAY     6070     87935        30    512911    564722     652512     514742     636728     0.004001        895
WC_A  bucket  BAY     6070     87935        45    512911    564722     696407     513471     694257     0.002962        895
WC_A  bucket  BAY     6070     87935        60    512911    564722     740302     513313     715781     0.002942        895
WC_A  bucket  BAY     6070     87935        75    512911    564722     784197     512944     762752     0.002933        895
WC_A  bucket  BAY     6070     87935        90    512911    564722     828092     512944     762752     0.002971        895
WC_A  bucket  BAY    13867    281752        15   1084179   1343784    1389342    1088714    1387536     0.009290        859
WC_A  bucket  BAY    13867    281752        30   1084179   1343784    1434900    1087775    1421300     0.010399        859
WC_A  bucket  BAY    13867    281752        45   1084179   1343784    1480458    1086517    1475271     0.008892        859
WC_A  bucket  BAY    13867    281752        60   1084179   1343784    1526016    1085119    1515979     0.008731        859
WC_A  bucket  BAY    13867    281752        75   1084179   1343784    1571574    1084750    1562950     0.008762        859
WC_A  bucket  BAY    13867    281752        90   1084179   1343784    1617132    1084410    1607429     0.008614        859
WC_A  bucket  BAY   156967    218785        15   2263581   2608350    2834853    2389193    2832300     0.070072       2218
WC_A  bucket  BAY   156967    218785        30   2263581   2608350    3061356    2384565    3019487     0.082395       2218
WC_A  bucket  BAY   156967    218785        45   2263581   2608350    3287859    2362748    3287060     0.079184       2218
WC_A  bucket  BAY   156967    218785        60   2263581   2608350    3514362    2350781    3512599     0.085648       2218
WC_A  bucket  BAY   156967    218785        75   2263581   2608350    3740865    2313594    3739597     0.075557       2218
WC_A  bucket  BAY   156967    218785        90   2263581   2608350    3967368    2269443    3965728     0.059483       2218
WC_A  bucket  BAY    30253    148687        15   1792473   2143047    2359182    1928095    2358744     0.047277       1949
WC_A  bucket  BAY    30253    148687        30   1792473   2143047    2575317    1850015    2574873     0.064875       2717
WC_A  bucket  BAY    30253    148687        45   1792473   2143047    2791452    1829678    2784699     0.040401       1949
WC_A  bucket  BAY    30253    148687        60   1792473   2143047    3007587    1829678    2784699     0.040664       1949
WC_A  bucket  BAY    30253    148687        75   1792473   2143047    3223722    1829281    3129397     0.041419       1949
WC_A  bucket  BAY    30253    148687        90   1792473   2143047    3439857    1796064    3438912     0.039592       1949
WC_A  bucket  BAY     9897    305278        15   1383997   1526173    1579292    1414931    1576931     0.009236       1167
WC_A  bucket  BAY     9897    305278        30   1383997   1526173    1632412    1413531    1620141     0.014088       1167
WC_A  bucket  BAY     9897    305278        45   1383997   1526173    1685532    1387324    1683724     0.011362       1167
WC_A  bucket  BAY     9897    305278        60   1383997   1526173    1738652    1385926    1724432     0.011548       1167
WC_A  bucket  BAY     9897    305278        75   1383997   1526173    1791772    1384599    1790758     0.011219       1167
WC_A  bucket  BAY     9897    305278        90   1383997   1526173    1844892    1384228    1840231     0.010800       1167
WC_A  bucket  BAY   319936    159056        15    595331    720647     762935     598697     753370     0.005209        907
WC_A  bucket  BAY   319936    159056        30    595331    720647     805223     598399     777995     0.005838        907
WC_A  bucket  BAY   319936    159056        45    595331    720647     847512     598399     777995     0.006102        907
WC_A  bucket  BAY   319936    159056        60    595331    720647     889800     595947     877867     0.005988        907
WC_A  bucket  BAY   319936    159056        75    595331    720647     932089     595649     902492     0.006300        907
WC_A  bucket  BAY   319936    159056        90    595331    720647     974377     595649     902492     0.006379        907
WC_A  bucket  BAY   207802     18128        15    709208    838542     870771     723359     868614     0.015974       1127
WC_A  bucket  BAY   207802     18128        30    709208    838542     903000     723127     902370     0.017311       1127
WC_A  bucket  BAY   207802     18128        45    709208    838542     935229     722904     903812     0.015365       1127
WC_A  bucket  BAY   207802     18128        60    709208    838542     967459     717442     957888     0.014989       1127
WC_A  bucket  BAY   207802     18128        75    709208    838542     999688     712661     994547     0.014968       1127
WC_A  bucket  BAY   207802     18128        90    709208    838542    1031917     709530    1016818     0.014970       1127
WC_A  bucket  BAY   292294    201585        15   1013004   1130379    1182690    1043555    1182497     0.010253       1043
WC_A  bucket  BAY   292294    201585        30   1013004   1130379    1235001    1024569    1233184     0.010382       1043
WC_A  bucket  BAY   292294    201585        45   1013004   1130379    1287312    1015385    1277591     0.008925       1043
WC_A  bucket  BAY   292294    201585        60   1013004   1130379    1339624    1013136    1329970     0.008971       1043
WC_A  bucket  BAY   292294    201585        75   1013004   1130379    1391935    1013136    1329970     0.008924       1043
WC_A  bucket  BAY   292294    201585        90   1013004   1130379    1444246    1013136    1329970     0.009082       1043
WC_A  bucket  BAY    10923     42737        15    337265    375121     436328     346853     435750     0.003101        871
WC_A  bucket  BAY    10923     42737        30    337265    375121     497535     341267     463625     0.003799        871
WC_A  bucket  BAY    10923     42737        45    337265    375121     558742     340343     506221     0.002840        871
WC_A  bucket  BAY    10923     42737        60    337265    375121     619949     340343     506221     0.002839        871
WC_A  bucket  BAY    10923     42737        75    337265    375121     681156     340343     506221     0.002916        871
WC_A  bucket  BAY    10923     42737        90    337265    375121     742363     340343     506221     0.002960        871
WC_A  bucket  BAY   314489    140895        15    596294    876475     918046     609548     879543     0.006331        890
WC_A  bucket  BAY   314489    140895        30    596294    876475     959617     603411     936247     0.006938        890
WC_A  bucket  BAY   314489    140895        45    596294    876475    1001188     598567     961515     0.005872        890
WC_A  bucket  BAY   314489    140895        60    596294    876475    1042759     596731    1003001     0.005681        890
WC_A  bucket  BAY   314489    140895        75    596294    876475    1084330     596731    1003001     0.005910        890
WC_A  bucket  BAY   314489    140895        90    596294    876475    1125901     596731    1003001     0.005814        890
WC_A  bucket  BAY   160774    206800        15    354738    465224     507853     376645     507291     0.003729        970
WC_A  bucket  BAY   160774    206800        30    354738    465224     550483     366355     549836     0.004116        970
WC_A  bucket  BAY   160774    206800        45    354738    465224     593113     361423     591440     0.003418        970
WC_A  bucket  BAY   160774    206800        60    354738    465224     635742     357923     635242     0.003053        970
WC_A  bucket  BAY   160774    206800        75    354738    465224     678372     356611     678162     0.002898        970
WC_A  bucket  BAY   160774    206800        90    354738    465224     721002     355432     687909     0.002993        970
WC_A  bucket  BAY   216325    252507        15    634597    700023     738727     650443     721039     0.009153        917
WC_A  bucket  BAY   216325    252507        30    634597    700023     777431     650227     758249     0.009778        917
WC_A  bucket  BAY   216325    252507        45    634597    700023     816135     642910     810732     0.009359        917
WC_A  bucket  BAY   216325    252507        60    634597    700023     854839     642694     847942     0.009082        917
WC_A  bucket  BAY   216325    252507        75    634597    700023     893543     642245     888284     0.009187        917
WC_A  bucket  BAY   216325    252507        90    634597    700023     932247     635252     927711     0.009116        917
WC_A  bucket  BAY   309019     23126        15   1079377   1307897    1329171    1096761    1318903     0.011609        948
WC_A  bucket  BAY   309019     23126        30   1079377   1307897    1350445    1095377    1349297     0.012190        948
WC_A  bucket  BAY   309019     23126        45   1079377   1307897    1371719    1086592    1371653     0.011265        948
WC_A  bucket  BAY   309019     23126        60   1079377   1307897    1392993    1080932    1382659     0.011088        948
WC_A  bucket  BAY   309019     23126        75   1079377   1307897    1414267    1079548    1413053     0.011112        948
WC_A  bucket  BAY   309019     23126        90   1079377   1307897    1435541    1079382    1429443     0.011013        948
WC_A  bucket  BAY   301051     23432        15   1146947   1267953    1319111    1159142    1317312     0.015904       1063
WC_A  bucket  BAY   301051     23432        30   1146947   1267953    1370270    1151073    1369380     0.018111       1063
WC_A  bucket  BAY   301051     23432        45   1146947   1267953    1421429    1148474    1406305     0.015592       1063
WC_A  bucket  BAY   301051     23432        60   1146947   1267953    1472587    1147512    1470955     0.016148       1063
WC_A  bucket  BAY   301051     23432        75   1146947   1267953    1523746    1147279    1513532     0.016156       1063
WC_A  bucket  BAY   301051     23432        90   1146947   1267953    1574905    1147178    1568936     0.016500       1063
WC_A  bucket  BAY   240640    219115        15    304314    369435     388723     308544     381550     0.003899        942
WC_A  bucket  BAY   240640    219115        30    304314    369435     408012     306987     406104     0.004689        942
WC_A  bucket  BAY   240640    219115        45    304314    369435     427300     306987     406104     0.004472        942
WC_A  bucket  BAY   240640    219115        60    304314    369435     446589     306429     429670     0.004516        942
WC_A  bucket  BAY   240640    219115        75    304314    369435     465878     306273     450420     0.004649        942
WC_A  bucket  BAY   240640    219115        90    304314    369435     485166     304872     474460     0.004417        942
WC_A  bucket  BAY   107092      8955        15   1606804   1682826    1737905    1619345    1737441     0.023106        937
WC_A  bucket  BAY   107092      8955        30   1606804   1682826    1792984    1610986    1791976     0.026189        937
WC_A  bucket  BAY   107092      8955        45   1606804   1682826    1848064    1609705    1848020     0.022979        937
WC_A  bucket  BAY   107092      8955        60   1606804   1682826    1903143    1609705    1848020     0.023380        937
WC_A  bucket  BAY   107092      8955        75   1606804   1682826    1958223    1608615    1945154     0.023230        937
WC_A  bucket  BAY   107092      8955        90   1606804   1682826    2013302    1607610    2011593     0.023756        937
WC_A  bucket  BAY    63516    119763        15    794003   1413588    1464808     971713    1457748     0.011625       2357
WC_A  bucket  BAY    63516    119763        30    794003   1413588    1516028     836427    1515897     0.013763       2357
WC_A  bucket  BAY    63516    119763        45    794003   1413588    1567249     819595    1564461     0.012065       2357
WC_A  bucket  BAY    63516    119763        60    794003   1413588    1618469     813984    1616522     0.012650       2357
WC_A  bucket  BAY    63516    119763        75    794003   1413588    1669689     805339    1665029     0.012219       2357
WC_A  bucket  BAY    63516    119763        90    794003   1413588    1720910     801390    1713301     0.011808       2357
WC_A  bucket  BAY   161016    141353        15   1673435   1897873    1951121    1688062    1950171     0.025007       1164
WC_A  bucket  BAY   161016    141353        30   1673435   1897873    2004370    1682886    2004260     0.027470       1164
WC_A  bucket  BAY   161016    141353        45   1673435   1897873    2057619    1678764    2055735     0.024046       1164
WC_A  bucket  BAY   161016    141353        60   1673435   1897873    2110868    1675363    2106733     0.023298       1164
WC_A  bucket  BAY   161016    141353        75   1673435   1897873    2164117    1674650    2163870     0.022993       1164
WC_A  bucket  BAY   161016    141353        90   1673435   1897873    2217365    1673535    2209058     0.022791       1164
WC_A  bucket  BAY   184928     38795        15   1052815   1141843    1163518    1079170    1154141     0.015940       1007
WC_A  bucket  BAY   184928     38795        30   1052815   1141843    1185193    1077786    1184535     0.016515       1007
WC_A  bucket  BAY   184928     38795        45   1052815   1141843    1206868    1075192    1200125     0.016924       1007
WC_A  bucket  BAY   184928     38795        60   1052815   1141843    1228543    1075041    1221614     0.016912       1007
WC_A  bucket  BAY   184928     38795        75   1052815   1141843    1250218    1058469    1243651     0.016748       1007
WC_A  bucket  BAY   184928     38795        90   1052815   1141843    1271893    1054199    1255949     0.016762       1007
WC_A  bucket  BAY   215176    146436        15   1776444   2057323    2268768    1892659    2267467     0.054889       2845
WC_A  bucket  BAY   215176    146436        30   1776444   2057323    2480213    1884111    2478573     0.067141       2845
WC_A  bucket  BAY   215176    146436        45   1776444   2057323    2691659    1881785    2577875     0.058929       2845
WC_A  bucket  BAY   215176    146436        60   1776444   2057323    2903104    1881785    2577875     0.059341       2845
WC_A  bucket  BAY   215176    146436        75   1776444   2057323    3114550    1826779    3110733     0.054785       2845
WC_A  bucket  BAY   215176    146436        90   1776444   2057323    3325995    1783470    3325608     0.048591       2845
WC_A  bucket  BAY   176090    154999        15    636058    807815     890572     650099     889201     0.003935       1022
WC_A  bucket  BAY   176090    154999        30    636058    807815     973329     649086     921464     0.004600       1022
WC_A  bucket  BAY   176090    154999        45    636058    807815    1056086     649086     921464     0.003832       1022
WC_A  bucket  BAY   176090    154999        60    636058    807815    1138844     649086     921464     0.003954       1022
WC_A  bucket  BAY   176090    154999        75    636058    807815    1221601     649086     921464     0.004045       1022
WC_A  bucket  BAY   176090    154999        90    636058    807815    1304358     649086     921464     0.004151       1022
WC_A  bucket  BAY   177595     53596        15    853542   1107038    1217531    1061338    1209463     0.015068       2561
WC_A  bucket  BAY   177595     53596        30    853542   1107038    1328025    1055917    1317874     0.019743       2561
WC_A  bucket  BAY   177595     53596        45    853542   1107038    1438519     975507    1438095     0.017635       2561
WC_A  bucket  BAY   177595     53596        60    853542   1107038    1549013     956223    1536890     0.021265       2561
WC_A  bucket  BAY   177595     53596        75    853542   1107038    1659506     949051    1646413     0.022743       2561
WC_A  bucket  BAY   177595     53596        90    853542   1107038    1770000     926796    1769205     0.018482       2561
WC_A  bucket  BAY    89580    161739        15    295203    445423     466064     311140     460728     0.002435        934
WC_A  bucket  BAY    89580    161739        30    295203    445423     486705     309336     485142     0.002273        934
WC_A  bucket  BAY    89580    161739        45    295203    445423     507347     297674     506163     0.002024        934
WC_A  bucket  BAY    89580    161739        60    295203    445423     527988     296649     525590     0.002045        934
WC_A  bucket  BAY    89580    161739        75    295203    445423     548629     296314     538468     0.001990        934
WC_A  bucket  BAY    89580    161739        90    295203    445423     569271     295684     562545     0.002174        934
WC_A  bucket  BAY   286924    191526        15   1376727   1576446    1624161    1399825    1623263     0.015832       1151
WC_A  bucket  BAY   286924    191526        30   1376727   1576446    1671877    1388021    1661423     0.016985       1151
WC_A  bucket  BAY   286924    191526        45   1376727   1576446    1719593    1385772    1713802     0.016006       1151
WC_A  bucket  BAY   286924    191526        60   1376727   1576446    1767309    1385686    1741657     0.015440       1151
WC_A  bucket  BAY   286924    191526        75   1376727   1576446    1815024    1381319    1812534     0.015573       1151
WC_A  bucket  BAY   286924    191526        90   1376727   1576446    1862740    1377005    1861018     0.015246       1151
WC_A  bucket  BAY   107469    223306        15   2567351   2817006    3050471    2706181    3050363     0.090755       2241
WC_A  bucket  BAY   107469    223306        30   2567351   2817006    3283937    2698585    3282982     0.140332       3009
WC_A  bucket  BAY   107469    223306        45   2567351   2817006    3517403    2674479    3516116     0.152171       3009
WC_A  bucket  BAY   107469    223306        60   2567351   2817006    3750869    2649671    3750738     0.144305       3009
WC_A  bucket  BAY   107469    223306        75   2567351   2817006    3984335    2613754    3982468     0.115607       3009
WC_A  bucket  BAY   107469    223306        90   2567351   2817006    4217801    2573373    4217535     0.068106       2241
WC_A  bucket  BAY   254517    174268        15   1195788   1434183    1478478    1221807    1477610     0.011350       1975
WC_A  bucket  BAY   254517    174268        30   1195788   1434183    1522773    1214328    1522419     0.013973       1975
WC_A  bucket  BAY   254517    174268        45   1195788   1434183    1567068    1205738    1566183     0.016543       1975
WC_A  bucket  BAY   254517    174268        60   1195788   1434183    1611364    1200390    1611187     0.016723       1975
WC_A  bucket  BAY   254517    174268        75   1195788   1434183    1655659    1200222    1618600     0.017304       1975
WC_A  bucket  BAY   254517    174268        90   1195788   1434183    1699954    1198360    1690909     0.016898       1975
