alg       queue  map  start_id  goal_id  constraint  min_cost1  min_cost2  budget  sol_cost1  sol_cost2  runtime(s)  search_malloc(KB)
WC_A  bucket  NY   118216    154705        15    790262   1039493    1093610     857583    1093186     0.052872       1648
WC_A  bucket  NY   118216    154705        30    790262   1039493    1147727     810764    1147346     0.046645       1648
WC_A  bucket  NY   118216    154705        45    790262   1039493    1201844     803475    1199823     0.043983       2416
WC_A  bucket  NY   118216    154705        60    790262   1039493    1255961     801480    1253266     0.045391       2416
WC_A  bucket  NY   118216    154705        75    790262   1039493    1310078     797314    1309669     0.039832       2416
WC_A  bucket  NY   118216    154705        90    790262   1039493    1364195     793521    1363988     0.037747       1648
WC_A  bucket  NY   223529    231949        15    698727    979106    1041382     752294    1041025     0.044806       2135
WC_A  bucket  NY   223529    231949        30    698727    979106    1103659     725617    1102719     0.051007       2135
WC_A  bucket  NY   223529    231949        45    698727    979106    1165936     719134    1152759     0.043907       2135
WC_A  bucket  NY   223529    231949        60    698727    979106    1228213     717535    1181581     0.045012       2135
WC_A  bucket  NY   223529    231949        75    698727    979106    1290490     710112    1290136     0.043015       2135
WC_A  bucket  NY   223529    231949        90    698727    979106    1352767     700692    1350221     0.039739       2135
WC_A  bucket  NY    27084    122679        15    307887    449094     484777     343617     482718     0.005133       1273
WC_A  bucket  NY    27084    122679        30    307887    449094     520460     333531     519163     0.008161       1273
WC_A  bucket  NY    27084    122679        45    307887    449094     556143     321086     554681     0.007883       1273
WC_A  bucket  NY    27084    122679        60    307887    449094     591826     314199     586642     0.006813       1273
WC_A  bucket  NY    27084    122679        75    307887    449094     627510     308889     623379     0.006451       1273
WC_A  bucket  NY    27084    122679        90    307887    449094     663193     307934     638122     0.005953       1273
WC_A  bucket  NY   137839    144564        15    213655    327949     345122     238684     343565     0.004701       1265
WC_A  bucket  NY   137839    144564        30    213655    327949     362296     220671     361300     0.005212       1265
WC_A  bucket  NY   137839    144564        45    213655    327949     379469     219728     369747     0.005961       1265
WC_A  bucket  NY   137839    144564        60    213655    327949     396643     219504     395147     0.006478       1265
WC_A  bucket  NY   137839    144564        75    213655    327949     413817     213921     411175     0.006466       1265
WC_A  bucket  NY   137839    144564        90    213655    327949     430990     213704     428270     0.006344       1265
WC_A  bucket  NY   112388     89862        15    682955    807899     886996     698691     878173     0.016509       1090
WC_A  bucket  NY   112388     89862        30    682955    807899     966094     690411     965837     0.021482       1090
WC_A  bucket  NY   112388     89862        45    682955    807899    1045192     683697    1043558     0.013903       1090
WC_A  bucket  NY   112388     89862        60    682955    807899    1124289     683664    1052838     0.013857       1090
WC_A  bucket  NY   112388     89862        75    682955    807899    1203387     683664    1052838     0.013887       1090
WC_A  bucket  NY   112388     89862        90    682955    807899    1282485     683664    1052838     0.013759       1090
WC_A  bucket  NY    23782    223879        15    359432    507889     555445     402597     555009     0.010051       1383
WC_A  bucket  NY    23782    223879        30    359432    507889     603001     366987     598728     0.011250       1383
WC_A  bucket  NY    23782    223879        45    359432    507889     650558     360703     650501     0.009614       1383
WC_A  bucket  NY    23782    223879        60    359432    507889     698114     360033     653146     0.010038       1383
WC_A  bucket  NY    23782    223879        75    359432    507889     745671     360033     653146     0.009821       1383
WC_A  bucket  NY    23782    223879        90    359432    507889     793227     360033     653146     0.010208       1383
WC_A  bucket  NY   110010    125761        15    330979    481389     531282     376981     527416     0.007165       1201
WC_A  bucket  NY   110010    125761        30    330979    481389     581176     375730     566805     0.009210       1201
WC_A  bucket  NY   110010    125761        45    330979    481389     631070     375730     566805     0.007347       1201
WC_A  bucket  NY   110010    125761        60    330979    481389     680964     375586     677373     0.007841       1201
WC_A  bucket  NY   110010    125761        75    330979    481389     730857     372951     728574     0.007747       1201
WC_A  bucket  NY   110010    125761        90    330979    481389     780751     345297     780593     0.006770       1201
WC_A  bucket  NY   250720    154155        15    407017    568490     600015     457788     596052     0.012101       1356
WC_A  bucket  NY   250720    154155        30    407017    568490     631541     427141     629792     0.013480       1356
WC_A  bucket  NY   250720    154155        45    407017    568490     663066     420648     660907     0.013971       1356
WC_A  bucket  NY   250720    154155        60    407017    568490     694592     414586     692774     0.013825       1356
WC_A  bucket  NY   250720    154155        75    407017    568490     726117     408041     724764     0.013206       1356
WC_A  bucket  NY   250720    154155        90    407017    568490     757643     407370     745442     0.012958       1356
WC_A  bucket  NY   173518    248746        15    441356    647760     672553     468965     671094     0.013064       1227
WC_A  bucket  NY   173518    248746        30    441356    647760     697347     463556     697061     0.014731       1227
WC_A  bucket  NY   173518    248746        45    441356    647760     722141     454570     720269     0.012829       1227
WC_A  bucket  NY   173518    248746        60    441356    647760     746935     444898     744813     0.012018       1227
WC_A  bucket  NY   173518    248746        75    441356    647760     771729     442165     771039     0.011937       1227
WC_A  bucket  NY   173518    248746        90    441356    647760     796522     441709     779834     0.011878       1227
WC_A  bucket  NY   207151     33613        15    439201    534140     578403     466937     578262     0.013896       1188
WC_A  bucket  NY   207151     33613        30    439201    534140     622667     457878     622585     0.019771       1188
WC_A  bucket  NY   207151     33613        45    439201    534140     666931     449396     666877     0.018733       1188
WC_A  bucket  NY   207151     33613        60    439201    534140     711195     445511     710908     0.017284       1188
WC_A  bucket  NY   207151     33613        75    439201    534140     755459     443170     755424     0.016494       1188
WC_A  bucket  NY   207151     33613        90    439201    534140     799723     439506     797168     0.014120       1188
WC_A  bucket  NY     7192     98734        15    372843    576177     619134     447733     601856     0.009346       1647
WC_A  bucket  NY     7192     98734        30    372843    576177     662091     445474     644890     0.011210       1647
WC_A  bucket  NY     7192     98734        45    372843    576177     705048     384646     696102     0.009108       1647
WC_A  bucket  NY     7192     98734        60    372843    576177     748005     375399     744418     0.008868       1647
WC_A  bucket  NY     7192     98734        75    372843    576177     790962     373462     764994     0.009049       1647
WC_A  bucket  NY     7192     98734        90    372843    576177     833919     373082     823847     0.009198       1647
WC_A  bucket  NY    54358    121207        15    200996    247343     268107     205253     266316     0.001050        816
WC_A  bucket  NY    54358    121207        30    200996    247343     288872     204308     283121     0.001504        816
WC_A  bucket  NY    54358    121207        45    200996    247343     309636     203948     297031     0.000964        816
WC_A  bucket  NY    54358    121207        60    200996    247343     330401     203948     297031     0.001008        816
WC_A  bucket  NY    54358    121207        75    200996    247343     351166     201409     336519     0.000957        816
WC_A  bucket  NY    54358    121207        90    200996    247343     371930     201409     336519     0.000982        816
WC_A  bucket  NY   238356     61713        15   1106573   1274591    1367540    1117153    1367244     0.045760        946
WC_A  bucket  NY   238356     61713        30   1106573   1274591    1460489    1112970    1458897     0.048230        946
WC_A  bucket  NY   238356     61713        45   1106573   1274591    1553438    1110001    1512674     0.038705        946
WC_A  bucket  NY   238356     61713        60   1106573   1274591    1646388    1109381    1608983     0.038856        946
WC_A  bucket  NY   238356     61713        75   1106573   1274591    1739337    1107458    1731660     0.039382        946
WC_A  bucket  NY   238356     61713        90   1106573   1274591    1832286    1107458    1731660     0.039470        946
WC_A  bucket  NY     7446    155615        15    679072    861711     900197     713728     899932     0.026502       1519
WC_A  bucket  NY     7446    155615        30    679072    861711     938683     700553     937503     0.032305       1519
WC_A  bucket  NY     7446    155615        45    679072    861711     977170     694948     974297     0.033375       1519
WC_A  bucket  NY     7446    155615        60    679072    861711    1015656     685842    1014653     0.029702       1519
WC_A  bucket  NY     7446    155615        75    679072    861711    1054143     681308    1049837     0.027480       1519
WC_A  bucket  NY     7446    155615        90    679072    861711    1092629     679567    1090464     0.026885       1519
WC_A  bucket  NY    43482      3638        15    816492   1012600    1082888     854173    1082443     0.029143       1332
WC_A  bucket  NY    43482      3638        30    816492   1012600    1153177     828267    1152086     0.030925       1332
WC_A  bucket  NY    43482      3638        45    816492   1012600    1223466     822883    1222956     0.026183       1332
WC_A  bucket  NY    43482      3638        60    816492   1012600    1293755     819428    1292102     0.023758       1332
WC_A  bucket  NY    43482      3638        75    816492   1012600    1364044     818500    1363506     0.024612       1332
WC_A  bucket  NY    43482      3638        90    816492   1012600    1434332     817626    1431593     0.023836       1332
WC_A  bucket  NY    50938    210062        15    317633    421924     451254     322881     450286     0.007849        922
WC_A  bucket  NY    50938    210062        30    317633    421924     480584     320289     480074     0.009170        922
WC_A  bucket  NY    50938    210062        45    317633    421924     509914     318504     508623     0.006915        922
WC_A  bucket  NY    50938    210062        60    317633    421924     539245     317835     538587     0.006807        922
WC_A  bucket  NY    50938    210062        75    317633    421924     568575     317679     563099     0.006672        922
WC_A  bucket  NY    50938    210062        90    317633    421924     597905     317658     579831     0.006770        922
WC_A  bucket  NY    14582      5999        15    631549    856856     932225     727014     929491     0.016773       1711
WC_A  bucket  NY    14582      5999        30    631549    856856    1007595     704618    1003874     0.022675       1711
WC_A  bucket  NY    14582      5999        45    631549    856856    1082965     674502    1082000     0.018293       1711
WC_A  bucket  NY    14582      5999        60    631549    856856    1158335     665230    1158100     0.018639       1711
WC_A  bucket  NY    14582      5999        75    631549    856856    1233705     659635    1182078     0.018347       1711
WC_A  bucket  NY    14582      5999        90    631549    856856    1309075     638671    1304626     0.016631       1711
WC_A  bucket  NY   165325    126930        15    538086    744312     810210     575617     808771     0.033826       1657
WC_A  bucket  NY   165325    126930        30    538086    744312     876108     566528     875307     0.047310       2425
WC_A  bucket  NY   165325    126930        45    538086    744312     942006     552369     937968     0.033630       1657
WC_A  bucket  NY   165325    126930        60    538086    744312    1007905     547617     989902     0.033219       2425
WC_A  bucket  NY   165325    126930        75    538086    744312    1073803     545701    1015151     0.031374       1657
WC_A  bucket  NY   165325    126930        90    538086    744312    1139701     542054    1134856     0.027471       1657
WC_A  bucket  NY   170918     36653        15    589304    844411     889209     608187     889072     0.027671       1078
WC_A  bucket  NY   170918     36653        30    589304    844411     934007     598870     933155     0.031053       1078
WC_A  bucket  NY   170918     36653        45    589304    844411     978806     595555     976533     0.026327       1078
WC_A  bucket  NY   170918     36653        60    589304    844411    1023604     593147    1022485     0.024723       1078
WC_A  bucket  NY   170918     36653        75    589304    844411    1068403     591281    1067677     0.023609       1078
WC_A  bucket  NY   170918     36653        90    589304    844411    1113201     589609    1111002     0.023149       1078
WC_A  bucket  NY   166597    150573        15    329982    504482     547098     364294     547012     0.012875       1327
WC_A  bucket  NY   166597    150573        30    329982    504482     589715     341901     588617     0.013371       1327
WC_A  bucket  NY   166597    150573        45    329982    504482     632331     340965     630348     0.011765       1327
WC_A  bucket  NY   166597    150573        60    329982    504482     674948     334441     674035     0.010725       1327
WC_A  bucket  NY   166597    150573        75    329982    504482     717565     331376     696998     0.010319       1327
WC_A  bucket  NY   166597    150573        90    329982    504482     760181     330949     759194     0.012084       1327
WC_A  bucket  NY   239354     47282        15    670750    741147     783444     691745     779838     0.021913        970
WC_A  bucket  NY   239354     47282        30    670750    741147     825742     688101     807063     0.026713        970
WC_A  bucket  NY   239354     47282        45    670750    741147     868040     681709     866662     0.023508        970
WC_A  bucket  NY   239354     47282        60    670750    741147     910338     677452     908905     0.021797        970
WC_A  bucket  NY   239354     47282        75    670750    741147     952636     673877     936732     0.020865        970
WC_A  bucket  NY   239354     47282        90    670750    741147     994934     673624     973083     0.020871        970
WC_A  bucket  NY    45978     86722        15    566744    793965     827615     591710     824704     0.007673       1052
WC_A  bucket  NY    45978     86722        30    566744    793965     861265     582588     858480     0.009037       1052
WC_A  bucket  NY    45978     86722        45    566744    793965     894916     576469     888005     0.007317       1052
WC_A  bucket  NY    45978     86722        60    566744    793965     928566     574765     923350     0.007443       1052
WC_A  bucket  NY    45978     86722        75    566744    793965     962217     572072     959141     0.007429       1052
WC_A  bucket  NY    45978     86722        90    566744    793965     995867     568448     982956     0.007109       1052
WC_A  bucket  NY    78968    185408        15   1031510   1382675    1501437    1107788    1500027     0.051380       1960
WC_A  bucket  NY    78968    185408        30   1031510   1382675    1620200    1095252    1613741     0.056718       2728
WC_A  bucket  NY    78968    185408        45   1031510   1382675    1738963    1076216    1738705     0.052523       2728
WC_A  bucket  NY    78968    185408        60   1031510   1382675    1857726    1054384    1857419     0.055370       2728
WC_A  bucket  NY    78968    185408        75   1031510   1382675    1976489    1039224    1974741     0.045722       2728
WC_A  bucket  NY    78968    185408        90   1031510   1382675    2095252    1033383    2094775     0.038839       1960
WC_A  bucket  NY     9010    121390        15    562846    753614     823823     582864     823403     0.022659       1323
WC_A  bucket  NY     9010    121390        30    562846    753614     894033     580867     889305     0.027321       1323
WC_A  bucket  NY     9010    121390        45    562846    753614     964243     572399     962310     0.020462       1323
WC_A  bucket  NY     9010    121390        60    562846    753614    1034453     569487    1031768     0.019762       1323
WC_A  bucket  NY     9010    121390        75    562846    753614    1104663     565312    1102778     0.019941       1323
WC_A  bucket  NY     9010    121390        90    562846    753614    1174873     563874    1155840     0.020260       1323
WC_A  bucket  NY    60515    259474        15    944162   1165246    1258134     989197    1257620     0.062875       1536
WC_A  bucket  NY    60515    259474        30    944162   1165246    1351022     967822    1350846     0.082282       2304
WC_A  bucket  NY    60515    259474        45    944162   1165246    1443910     950261    1442922     0.045217       2304
WC_A  bucket  NY    60515    259474        60    944162   1165246    1536798     947695    1487250     0.042508       1536
WC_A  bucket  NY    60515    259474        75    944162   1165246    1629686     946705    1565514     0.043047       1536
WC_A  bucket  NY    60515    259474        90    944162   1165246    1722574     945152    1706236     0.040682       1536
WC_A  bucket  NY   233340    156943        15    692036    795142     865366     753890     863262     0.025170       1456
WC_A  bucket  NY   233340    156943        30    692036    795142     935591     717409     934758     0.028087       1456
WC_A  bucket  NY   233340    156943        45    692036    795142    1005816     701767    1002116     0.022726       1456
WC_A  bucket  NY   233340    156943        60    692036    795142    1076041     695896    1075186     0.022155       1456
WC_A  bucket  NY   233340    156943        75    692036    795142    1146265     693829    1143881     0.021450       1456
WC_A  bucket  NY   233340    156943        90    692036    795142    1216490     692740    1209121     0.021439       1456
WC_A  bucket  NY    50785    181592        15    367339    446303     492003     374505     490921     0.008609        912
WC_A  bucket  NY    50785    181592        30    367339    446303     537704     372706     535244     0.010428        912
WC_A  bucket  NY    50785    181592        45    367339    446303     583404     372683     548383     0.007613        912
WC_A  bucket  NY    50785    181592        60    367339    446303     629105     370300     627350     0.006965        912
WC_A  bucket  NY    50785    181592        75    367339    446303     674806     369827     655312     0.006846        912
WC_A  bucket  NY    50785    181592        90    367339    446303     720506     367835     720339     0.006928        912
WC_A  bucket  NY    91446    257763        15   1480769   1851331    1965367    1535813    1964919     0.123735       2203
WC_A  bucket  NY    91446    257763        30   1480769   1851331    2079404    1513575    2078401     0.166348       4507
WC_A  bucket  NY    91446    257763        45   1480769   1851331    2193441    1495755    2188359     0.089142       4507
WC_A  bucket  NY    91446    257763        60   1480769   1851331    2307478    1487387    2306487     0.065260       2203
WC_A  bucket  NY    91446    257763        75   1480769   1851331    2421514    1483312    2392590     0.059676       1435
WC_A  bucket  NY    91446    257763        90   1480769   1851331    2535551    1482692    2488899     0.060403       1435
WC_A  bucket  NY    17306     51634        15    186120    285004     302110     194987     301938     0.002647       1017
WC_A  bucket  NY    17306     51634        30    186120    285004     319216     191752     315930     0.002949       1017
WC_A  bucket  NY    17306     51634        45    186120    285004     336323     189640     327679     0.002475       1017
WC_A  bucket  NY    17306     51634        60    186120    285004     353429     187816     345154     0.002388       1017
WC_A  bucket  NY    17306     51634        75    186120    285004     370536     186740     364770     0.002383       1017
WC_A  bucket  NY    17306     51634        90    186120    285004     387642     186740     364770     0.002386       1017
WC_A  bucket  NY   240027    187169        15    296891    342666     365230     305052     363493     0.002220        858
WC_A  bucket  NY   240027    187169        30    296891    342666     387794     301404     387668     0.002774        858
WC_A  bucket  NY   240027    187169        45    296891    342666     410358     300018     406692     0.001746        858
WC_A  bucket  NY   240027    187169        60    296891    342666     432922     300018     406692     0.001785        858
WC_A  bucket  NY   240027    187169        75    296891    342666     455486     299765     443043     0.001770        858
WC_A  bucket  NY   240027    187169        90    296891    342666     478050     299702     476730     0.001822        858
WC_A  bucket  NY    87928      5867        15   1222711   1434847    1562881    1268899    1562174     0.082870       2251
WC_A  bucket  NY    87928      5867        30   1222711   1434847    1690915    1245919    1686923     0.089118       3019
WC_A  bucket  NY    87928      5867        45   1222711   1434847    1818949    1238866    1797128     0.078515       3787
WC_A  bucket  NY    87928      5867        60   1222711   1434847    1946983    1228544    1928856     0.055371       2251
WC_A  bucket  NY    87928      5867        75   1222711   1434847    2075017    1224734    2066609     0.052410       1483
WC_A  bucket  NY    87928      5867        90   1222711   1434847    2203051    1222811    2189286     0.051560       1483
WC_A  bucket  NY    65851     96122        15    579489    912128     975481     635229     971728     0.014163       1625
WC_A  bucket  NY    65851     96122        30    579489    912128    1038835     625957    1037965     0.016813       1625
WC_A  bucket  NY    65851     96122        45    579489    912128    1102189     613646    1102093     0.013155       1625
WC_A  bucket  NY    65851     96122        60    579489    912128    1165543     608109    1156240     0.014516       1625
WC_A  bucket  NY    65851     96122        75    579489    912128    1228897     592513    1228490     0.014071       1625
WC_A  bucket  NY    65851     96122        90    579489    912128    1292251     580486    1289575     0.013069       1625
WC_A  bucket  NY     4131    190405        15    463505    544700     604668     484220     604426     0.014259       1144
WC_A  bucket  NY     4131    190405        30    463505    544700     664636     477778     660539     0.017979       1144
WC_A  bucket  NY     4131    190405        45    463505    544700     724605     471535     724050     0.013588       1144
WC_A  bucket  NY     4131    190405        60    463505    544700     784573     468487     784187     0.012259       1144
WC_A  bucket  NY     4131    190405        75    463505    544700     844541     466463     843610     0.011633       1144
WC_A  bucket  NY     4131    190405        90    463505    544700     904510     464697     853990     0.011770       1144
WC_A  bucket  NY   230143    129092        15    613334    632228     688460     623988     681076     0.010912        882
WC_A  bucket  NY   230143    129092        30    613334    632228     744693     623988     681076     0.013965        882
WC_A  bucket  NY   230143    129092        45    613334    632228     800926     623988     681076     0.011921        882
WC_A  bucket  NY   230143    129092        60    613334    632228     857159     622293     856738     0.012281        882
WC_A  bucket  NY   230143    129092        75    613334    632228     913391     619899     898374     0.012304        882
WC_A  bucket  NY   230143    129092        90    613334    632228     969624     615728     965477     0.012326        882
WC_A  bucket  NY   155083    173239        15    271090    450269     483833     290519     479010     0.004151       1266
WC_A  bucket  NY   155083    173239        30    271090    450269     517397     280779     516796     0.004259       1266
WC_A  bucket  NY   155083    173239        45    271090    450269     550961     275790     546862     0.004507       1266
WC_A  bucket  NY   155083    173239        60    271090    450269     584525     274372     561232     0.004398       1266
WC_A  bucket  NY   155083    173239        75    271090    450269     618089     273613     613620     0.004268       1266
WC_A  bucket  NY   155083    173239        90    271090    450269     651653     273613     613620     0.004283       1266
WC_A  bucket  NY    90895    100894        15    468742    766767     771325     469015     770757     0.007035       2087
WC_A  bucket  NY    90895    100894        30    468742    766767     775883     469015     770757     0.007029       2087
WC_A  bucket  NY    90895    100894        45    468742    766767     780442     469015     770757     0.008980       2087
WC_A  bucket  NY    90895    100894        60    468742    766767     785000     469015     770757     0.009039       2087
WC_A  bucket  NY    90895    100894        75    468742    766767     789558     469015     770757     0.009525       2087
WC_A  bucket  NY    90895    100894        90    468742    766767     794117     469015     770757     0.009265       2087
WC_A  bucket  NY   251254    259976        15    244253    338704     368611     256106     363679     0.002276        877
WC_A  bucket  NY   251254    259976        30    244253    338704     398518     247694     394691     0.002822        877
WC_A  bucket  NY   251254    259976        45    244253    338704     428425     247256     427504     0.001969        877
WC_A  bucket  NY   251254    259976        60    244253    338704     458333     246737     437933     0.002076        877
WC_A  bucket  NY   251254    259976        75    244253    338704     488240     246737     437933     0.002007        877
WC_A  bucket  NY   251254    259976        90    244253    338704     518147     245180     503149     0.002048        877
WC_A  bucket  NY    73933    162158        15    730629   1139345    1196807     802774    1196322     0.029059       1825
WC_A  bucket  NY    73933    162158        30    730629   1139345    1254269     773283    1253791     0.032864       1825
WC_A  bucket  NY    73933    162158        45    730629   1139345    1311731     749938    1309857     0.028145       1825
WC_A  bucket  NY    73933    162158        60    730629   1139345    1369193     738423    1367646     0.028046       1825
WC_A  bucket  NY    73933    162158        75    730629   1139345    1426655     732542    1424106     0.026082       1825
WC_A  bucket  NY    73933    162158        90    730629   1139345    1484117     731394    1479874     0.025221       1825
WC_A  bucket  NY   149283     11562        15    443659    678181     721594     514159     720252     0.015941       1496
WC_A  bucket  NY   149283     11562        30    443659    678181     765008     476471     764959     0.017132       1496
WC_A  bucket  NY   149283     11562        45    443659    678181     808421     458194     807545     0.015945       1496
WC_A  bucket  NY   149283     11562        60    443659    678181     851835     452791     851610     0.015836       1496
WC_A  bucket  NY   149283     11562        75    443659    678181     895249     450364     891945     0.015275       1496
WC_A  bucket  NY   149283     11562        90    443659    678181     938662     445921     938204     0.014014       1496
WC_A  bucket  NY   102600     42208        15    278942    454694     469549     327699     469162     0.004155       1201
WC_A  bucket  NY   102600     42208        30    278942    454694     484404     327411     477302     0.004840       1201
WC_A  bucket  NY   102600     42208        45    278942    454694     499259     323548     495222     0.004464       1201
WC_A  bucket  NY   102600     42208        60    278942    454694     514114     295240     511343     0.004481       1201
WC_A  bucket  NY   102600     42208        75    278942    454694     528969     285433     528122     0.004561       1201
WC_A  bucket  NY   102600     42208        90    278942    454694     543824     282638     543078     0.004259       1201
WC_A  bucket  NY   146657    231496        15    600561    817628     852843     695858     851944     0.024392       1575
WC_A  bucket  NY   146657    231496        30    600561    817628     888059     675983     888059     0.028790       1575
WC_A  bucket  NY   146657    231496        45    600561    817628     923275     619726     921137     0.024938       1575
WC_A  bucket  NY   146657    231496        60    600561    817628     958491     608223     958298     0.025124       1575
WC_A  bucket  NY   146657    231496        75    600561    817628     993707     604724     993229     0.024452       1575
WC_A  bucket  NY   146657    231496        90    600561    817628    1028922     602626    1026436     0.024357       1575
WC_A  bucket  NY    21679    250728        15    318884    486019     494989     329415     494592     0.009069       1439
WC_A  bucket  NY    21679    250728        30    318884    486019     503960     322230     501387     0.009955       1439
WC_A  bucket  NY    21679    250728        45    318884    486019     512931     322230     501387     0.009123       1439
WC_A  bucket  NY    21679    250728        60    318884    486019     521902     319933     521526     0.009438       1439
WC_A  bucket  NY    21679    250728        75    318884    486019     530873     319059     522349     0.009411       1439
WC_A  bucket  NY    21679    250728        90    318884    486019     539844     319059     522349     0.009173       1439
WC_A  bucket  NY   188270    172012        15    442551    686958     719728     462344     719491     0.008233        975
WC_A  bucket  NY   188270    172012        30    442551    686958     752499     455713     752020     0.011395        975
WC_A  bucket  NY   188270    172012        45    442551    686958     785270     448648     783977     0.010592        975
WC_A  bucket  NY   188270    172012        60    442551    686958     818041     446703     816058     0.010253        975
WC_A  bucket  NY   188270    172012        75    442551    686958     850812     444911     850470     0.009532        975
WC_A  bucket  NY   188270    172012        90    442551    686958     883582     443973     874593     0.009385        975
WC_A  bucket  NY   133803     56687        15    194655    303441     321919     199567     320657     0.001993        917
WC_A  bucket  NY   133803     56687        30    194655    303441     340397     198854     338355     0.002569        917
WC_A  bucket  NY   133803     56687        45    194655    303441     358875     198693     358318     0.001806        917
WC_A  bucket  NY   133803     56687        60    194655    303441     377353     196345     376423     0.001831        917
WC_A  bucket  NY   133803     56687        75    194655    303441     395832     195730     382989     0.001741        917
WC_A  bucket  NY   133803     56687        90    194655    303441     414310     194917     410628     0.001752        917
WC_A  bucket  NY   259150    202115        15    628302    697380     741207     638034     733589     0.010863        982
WC_A  bucket  NY   259150    202115        30    628302    697380     785035     632077     775463     0.013149        982
WC_A  bucket  NY   259150    202115        45    628302    697380     828863     629470     814514     0.010811        982
WC_A  bucket  NY   259150    202115        60    628302    697380     872691     629178     856861     0.010668        982
WC_A  bucket  NY   259150    202115        75    628302    697380     916519     629178     856861     0.011210        982
WC_A  bucket  NY   259150    202115        90    628302    697380     960347     629178     856861     0.010629        982
WC_A  bucket  NY    34428    200324        15    516992    737596     748283     557521     747184     0.022483       1215
WC_A  bucket  NY    34428    200324        30    516992    737596     758971     529733     758274     0.020939       1215
WC_A  bucket  NY    34428    200324        45    516992    737596     769659     519815     767289     0.019705       1215
WC_A  bucket  NY    34428    200324        60    516992    737596     780347     518304     773927     0.020474       1215
WC_A  bucket  NY    34428    200324        75    516992    737596     791035     517513     789206     0.020498       1215
WC_A  bucket  NY    34428    200324        90    516992    737596     801723     517513     789206     0.020900       1215
WC_A  bucket  NY   157011    140216        15    371905    521692     567017     461191     566646     0.013006       1625
WC_A  bucket  NY   157011    140216        30    371905    521692     612342     394068     604529     0.015724       1625
WC_A  bucket  NY   157011    140216        45    371905    521692     657667     387476     656950     0.015803       1625
WC_A  bucket  NY   157011    140216        60    371905    521692     702992     385410     687177     0.015433       1625
WC_A  bucket  NY   157011    140216        75    371905    521692     748318     379548     738301     0.014921       1625
WC_A  bucket  NY   157011    140216        90    371905    521692     793643     374707     793128     0.014344       1625
WC_A  bucket  NY   177463     31267        15    769861   1061715    1100040     792333    1099841     0.028468       1396
WC_A  bucket  NY   177463     31267        30    769861   1061715    1138365     784554    1130497     0.033202       1396
WC_A  bucket  NY   177463     31267        45    769861   1061715    1176691     778646    1170430     0.032360       1396
WC_A  bucket  NY   177463     31267        60    769861   1061715    1215016     771965    1198283     0.031564       1396
WC_A  bucket  NY   177463     31267        75    769861   1061715    1253342     771233    1242146     0.030314       1396
WC_A  bucket  NY   177463     31267        90    769861   1061715    1291667     770542    1290765     0.030240       1396
WC_A  bucket  NY   144969     52616        15    214057    427751     436973     243182     436897     0.005969       1457
WC_A  bucket  NY   144969     52616        30    214057    427751     446195     241361     444549     0.006767       1457
WC_A  bucket  NY   144969     52616        45    214057    427751     455418     223893     455107     0.006471       1457
WC_A  bucket  NY   144969     52616        60    214057    427751     464640     219931     463008     0.006260       1457
WC_A  bucket  NY   144969     52616        75    214057    427751     473863     217888     473850     0.006120       1457
WC_A  bucket  NY   144969     52616        90    214057    427751     483085     214269     483032     0.005871       1457
WC_A  bucket  NY   250377     41643        15    429623    504437     512809     437424     511232     0.009185        885
WC_A  bucket  NY   250377     41643        30    429623    504437     521182     433822     519903     0.009480        885
WC_A  bucket  NY   250377     41643        45    429623    504437     529555     433822     519903     0.009254        885
WC_A  bucket  NY   250377     41643        60    429623    504437     537928     433822     519903     0.009661        885
WC_A  bucket  NY   250377     41643        75    429623    504437     546301     433822     519903     0.009558        885
WC_A  bucket  NY   250377     41643        90    429623    504437     554674     431935     554673     0.009375        885
