alg       queue  map  start_id  goal_id  constraint  min_cost1  min_cost2  budget  sol_cost1  sol_cost2  runtime(s)  search_malloc(KB)
WC_BA  bucket  COL    96796    104573        15   3538370   4556397    4709835    3686114    4702378     0.048940       3915
WC_BA  bucket  COL    96796    104573        30   3538370   4556397    4863273    3682624    4861372     0.052385       5114
WC_BA  bucket  COL    96796    104573        45   3538370   4556397    5016712    3570149    5015246     0.049453       5477
WC_BA  bucket  COL    96796    104573        60   3538370   4556397    5170150    3547552    5169451     0.060321       6402
WC_BA  bucket  COL    96796    104573        75   3538370   4556397    5323589    3541019    5321908     0.059566       7596
WC_BA  bucket  COL    96796    104573        90   3538370   4556397    5477027    3539619    5475905     0.061614       8740
WC_BA  bucket  COL   320621    109746        15   4431145   6498285    6655395    4693602    6649040     0.066879       4834
WC_BA  bucket  COL   320621    109746        30   4431145   6498285    6812505    4692690    6721029     0.068876       6061
WC_BA  bucket  COL   320621    109746        45   4431145   6498285    6969616    4652712    6965718     0.068328       7054
WC_BA  bucket  COL   320621    109746        60   4431145   6498285    7126726    4650277    7114384     0.073521       8157
WC_BA  bucket  COL   320621    109746        75   4431145   6498285    7283837    4434859    7276368     0.076929       7707
WC_BA  bucket  COL   320621    109746        90   4431145   6498285    7440947    4434522    7292240     0.081516       8927
WC_BA  bucket  COL    76822    393797        15   2648659   4899112    4949807    2837381    4941549     0.010273       3427
WC_BA  bucket  COL    76822    393797        30   2648659   4899112    5000502    2687639    4992356     0.010260       3796
WC_BA  bucket  COL    76822    393797        45   2648659   4899112    5051197    2668414    5050014     0.011067       4192
WC_BA  bucket  COL    76822    393797        60   2648659   4899112    5101892    2665543    5078399     0.010785       3556
WC_BA  bucket  COL    76822    393797        75   2648659   4899112    5152588    2653975    5148860     0.011038       3641
WC_BA  bucket  COL    76822    393797        90   2648659   4899112    5203283    2649498    5195598     0.010962       3919
WC_BA  bucket  COL   130080     12221        15   1704545   1865529    1984456    1779815    1982967     0.022113       2520
WC_BA  bucket  COL   130080     12221        30   1704545   1865529    2103383    1711407    2071748     0.023272       3453
WC_BA  bucket  COL   130080     12221        45   1704545   1865529    2222310    1708007    2209635     0.028601       4383
WC_BA  bucket  COL   130080     12221        60   1704545   1865529    2341237    1706212    2325683     0.029302       5294
WC_BA  bucket  COL   130080     12221        75   1704545   1865529    2460164    1705302    2443817     0.031518       6209
WC_BA  bucket  COL   130080     12221        90   1704545   1865529    2579091    1704641    2485116     0.033899       7111
WC_BA  bucket  COL    66348    165400        15   2112808   2753036    2794798    2122023    2794641     0.023835       1974
WC_BA  bucket  COL    66348    165400        30   2112808   2753036    2836561    2114350    2834143     0.030222       2301
WC_BA  bucket  COL    66348    165400        45   2112808   2753036    2878323    2114053    2866282     0.026588       2627
WC_BA  bucket  COL    66348    165400        60   2112808   2753036    2920086    2113460    2908130     0.028834       2947
WC_BA  bucket  COL    66348    165400        75   2112808   2753036    2961848    2113151    2957330     0.031163       3176
WC_BA  bucket  COL    66348    165400        90   2112808   2753036    3003611    2112833    2982608     0.033045       3494
WC_BA  bucket  COL   170512    400974        15   1629437   2647571    2696399    1655417    2686385     0.009404       2033
WC_BA  bucket  COL   170512    400974        30   1629437   2647571    2745227    1644179    2706647     0.006702       2428
WC_BA  bucket  COL   170512    400974        45   1629437   2647571    2794056    1640954    2774261     0.010836       2809
WC_BA  bucket  COL   170512    400974        60   1629437   2647571    2842884    1640754    2813075     0.008504       3150
WC_BA  bucket  COL   170512    400974        75   1629437   2647571    2891713    1632862    2866666     0.011394       3531
WC_BA  bucket  COL   170512    400974        90   1629437   2647571    2940541    1629637    2934280     0.013016       3826
WC_BA  bucket  COL   226531    131677        15   1956217   2026180    2088907    1966880    2074845     0.012901       2135
WC_BA  bucket  COL   226531    131677        30   1956217   2026180    2151634    1962948    2121669     0.013744       2606
WC_BA  bucket  COL   226531    131677        45   1956217   2026180    2214361    1959131    2182556     0.013593       3097
WC_BA  bucket  COL   226531    131677        60   1956217   2026180    2277088    1958128    2259186     0.013939       3587
WC_BA  bucket  COL   226531    131677        75   1956217   2026180    2339815    1957788    2284927     0.020648       3998
WC_BA  bucket  COL   226531    131677        90   1956217   2026180    2402542    1956884    2400931     0.015514       4481
WC_BA  bucket  COL   334310    243105        15   4453262   6262471    6460968    4520722    6320524     0.015839       3613
WC_BA  bucket  COL   334310    243105        30   4453262   6262471    6659465    4520722    6320524     0.019710       5164
WC_BA  bucket  COL   334310    243105        45   4453262   6262471    6857962    4520722    6320524     0.025827       6715
WC_BA  bucket  COL   334310    243105        60   4453262   6262471    7056459    4520722    6320524     0.023329       8266
WC_BA  bucket  COL   334310    243105        75   4453262   6262471    7254956    4520722    6320524     0.032515       9817
WC_BA  bucket  COL   334310    243105        90   4453262   6262471    7453453    4520722    6320524     0.029395      11367
WC_BA  bucket  COL   418091    260984        15    707363    976614    1067718     723366    1062922     0.005219       2408
WC_BA  bucket  COL   418091    260984        30    707363    976614    1158823     719864    1148933     0.007715       3101
WC_BA  bucket  COL   418091    260984        45    707363    976614    1249928     715732    1249880     0.007983       3776
WC_BA  bucket  COL   418091    260984        60    707363    976614    1341033     712144    1340946     0.010449       4452
WC_BA  bucket  COL   418091    260984        75    707363    976614    1432137     709619    1430642     0.009977       5130
WC_BA  bucket  COL   418091    260984        90    707363    976614    1523242     707965    1518438     0.015491       5811
WC_BA  bucket  COL   191824    214667        15   2747275   3408564    3502536    2796240    3499271     0.032028       2386
WC_BA  bucket  COL   191824    214667        30   2747275   3408564    3596508    2790208    3593402     0.030941       3452
WC_BA  bucket  COL   191824    214667        45   2747275   3408564    3690480    2789688    3641690     0.032313       4070
WC_BA  bucket  COL   191824    214667        60   2747275   3408564    3784452    2789688    3641690     0.035344       4804
WC_BA  bucket  COL   191824    214667        75   2747275   3408564    3878424    2755984    3877633     0.040111       5422
WC_BA  bucket  COL   191824    214667        90   2747275   3408564    3972396    2748187    3963056     0.043523       6045
WC_BA  bucket  COL   398422     53034        15   1201668   1577700    1649079    1269767    1644418     0.011352       2631
WC_BA  bucket  COL   398422     53034        30   1201668   1577700    1720459    1269767    1644418     0.013230       3189
WC_BA  bucket  COL   398422     53034        45   1201668   1577700    1791839    1266607    1758505     0.017833       3745
WC_BA  bucket  COL   398422     53034        60   1201668   1577700    1863219    1255420    1862530     0.018531       4205
WC_BA  bucket  COL   398422     53034        75   1201668   1577700    1934599    1205489    1898180     0.018147       4354
WC_BA  bucket  COL   398422     53034        90   1201668   1577700    2005979    1205489    1898180     0.020240       4911
WC_BA  bucket  COL   285464     31096        15   2335805   2652649    2690651    2449453    2660987     0.017426       2720
WC_BA  bucket  COL   285464     31096        30   2335805   2652649    2728654    2445100    2718719     0.020767       2989
WC_BA  bucket  COL   285464     31096        45   2335805   2652649    2766656    2359259    2766468     0.019321       2657
WC_BA  bucket  COL   285464     31096        60   2335805   2652649    2804659    2358413    2804459     0.018920       2949
WC_BA  bucket  COL   285464     31096        75   2335805   2652649    2842661    2354664    2826494     0.023463       3246
WC_BA  bucket  COL   285464     31096        90   2335805   2652649    2880664    2354060    2862191     0.025773       3460
WC_BA  bucket  COL   389376    154448        15   2530156   3589392    3826125    2606125    3824828     0.031151       4031
WC_BA  bucket  COL   389376    154448        30   2530156   3589392    4062858    2602263    3887122     0.036946       5798
WC_BA  bucket  COL   389376    154448        45   2530156   3589392    4299592    2602263    3887122     0.040387       7647
WC_BA  bucket  COL   389376    154448        60   2530156   3589392    4536325    2602263    3887122     0.045630       9497
WC_BA  bucket  COL   389376    154448        75   2530156   3589392    4773059    2602263    3887122     0.046472      11346
WC_BA  bucket  COL   389376    154448        90   2530156   3589392    5009792    2602263    3887122     0.047634      13196
WC_BA  bucket  COL   232306    414821        15   3104604   4578087    4712572    3200305    4708933     0.039651       3635
WC_BA  bucket  COL   232306    414821        30   3104604   4578087    4847058    3189655    4824163     0.039303       4387
WC_BA  bucket  COL   232306    414821        45   3104604   4578087    4981544    3121347    4981070     0.042986       5434
WC_BA  bucket  COL   232306    414821        60   3104604   4578087    5116030    3107653    5115738     0.045908       6484
WC_BA  bucket  COL   232306    414821        75   3104604   4578087    5250516    3105253    5188263     0.049543       6794
WC_BA  bucket  COL   232306    414821        90   3104604   4578087    5385001    3105253    5188263     0.052424       7845
WC_BA  bucket  COL    50940    185223        15   1393852   1978696    2025056    1424634    2024679     0.012090       2185
WC_BA  bucket  COL    50940    185223        30   1393852   1978696    2071416    1423499    2059875     0.012467       2547
WC_BA  bucket  COL    50940    185223        45   1393852   1978696    2117776    1406793    2116116     0.012522       2910
WC_BA  bucket  COL    50940    185223        60   1393852   1978696    2164136    1402425    2163590     0.012341       3272
WC_BA  bucket  COL    50940    185223        75   1393852   1978696    2210496    1401660    2182222     0.013336       3408
WC_BA  bucket  COL    50940    185223        90   1393852   1978696    2256856    1394921    2256607     0.013732       3746
WC_BA  bucket  COL   141426    168994        15   1644095   3211400    3255841    1750265    3255461     0.012208       2712
WC_BA  bucket  COL   141426    168994        30   1644095   3211400    3300283    1743646    3290544     0.011606       3049
WC_BA  bucket  COL   141426    168994        45   1644095   3211400    3344725    1714161    3335656     0.013530       3306
WC_BA  bucket  COL   141426    168994        60   1644095   3211400    3389167    1685218    3364677     0.012181       3246
WC_BA  bucket  COL   141426    168994        75   1644095   3211400    3433609    1673780    3423753     0.011424       3591
WC_BA  bucket  COL   141426    168994        90   1644095   3211400    3478051    1644295    3468865     0.013301       3620
WC_BA  bucket  COL   204170     13342        15   1893755   2821301    2903386    1979735    2894872     0.030166       2898
WC_BA  bucket  COL   204170     13342        30   1893755   2821301    2985471    1970808    2985242     0.029691       3430
WC_BA  bucket  COL   204170     13342        45   1893755   2821301    3067556    1970321    3020969     0.028708       4058
WC_BA  bucket  COL   204170     13342        60   1893755   2821301    3149641    1915153    3147702     0.033794       4284
WC_BA  bucket  COL   204170     13342        75   1893755   2821301    3231726    1899974    3230399     0.038609       4880
WC_BA  bucket  COL   204170     13342        90   1893755   2821301    3313811    1895088    3310233     0.036233       5434
WC_BA  bucket  COL   217193    100148        15    113041    209187     219863     128531     215703     0.002319       1740
WC_BA  bucket  COL   217193    100148        30    113041    209187     230540     125220     226592     0.002388       1798
WC_BA  bucket  COL   217193    100148        45    113041    209187     241217     119903     240599     0.002772       1840
WC_BA  bucket  COL   217193    100148        60    113041    209187     251893     114581     247484     0.003431       1881
WC_BA  bucket  COL   217193    100148        75    113041    209187     262570     113700     258399     0.003711       1958
WC_BA  bucket  COL   217193    100148        90    113041    209187     273247     113196     273050     0.003562       2041
WC_BA  bucket  COL   408053    342982        15   2991025   4186116    4318277    3080607    4317771     0.044654       3357
WC_BA  bucket  COL   408053    342982        30   2991025   4186116    4450439    3024732    4450436     0.066317       4994
WC_BA  bucket  COL   408053    342982        45   2991025   4186116    4582600    3011644    4581896     0.062387       5974
WC_BA  bucket  COL   408053    342982        60   2991025   4186116    4714762    3004015    4711827     0.053329       6186
WC_BA  bucket  COL   408053    342982        75   2991025   4186116    4846923    3001610    4756630     0.055213       6781
WC_BA  bucket  COL   408053    342982        90   2991025   4186116    4979085    2995854    4968520     0.054804       7791
WC_BA  bucket  COL   241716    422670        15   5728498   7820283    8189256    6008237    8188751     0.137256       8522
WC_BA  bucket  COL   241716    422670        30   5728498   7820283    8558229    5992511    8522076     0.096085       9869
WC_BA  bucket  COL   241716    422670        45   5728498   7820283    8927203    5991586    8715002     0.134786      13007
WC_BA  bucket  COL   241716    422670        60   5728498   7820283    9296176    5771143    9296007     0.179923      16032
WC_BA  bucket  COL   241716    422670        75   5728498   7820283    9665150    5734049    9664495     0.127479      17143
WC_BA  bucket  COL   241716    422670        90   5728498   7820283   10034123    5729542   10033889     0.108586      18856
WC_BA  bucket  COL   255961    303895        15   4860695   6866005    7257115    4921432    7222952     0.066276       5634
WC_BA  bucket  COL   255961    303895        30   4860695   6866005    7648226    4921432    7222952     0.091080       8689
WC_BA  bucket  COL   255961    303895        45   4860695   6866005    8039337    4877728    8005838     0.091642      10835
WC_BA  bucket  COL   255961    303895        60   4860695   6866005    8430448    4877675    8045902     0.099379      13891
WC_BA  bucket  COL   255961    303895        75   4860695   6866005    8821559    4877675    8045902     0.100066      16946
WC_BA  bucket  COL   255961    303895        90   4860695   6866005    9212670    4877122    8965171     0.105630      19997
WC_BA  bucket  COL   199918    420124        15   3337373   3699417    3993277    3353053    3992271     0.044610       4650
WC_BA  bucket  COL   199918    420124        30   3337373   3699417    4287137    3351195    4282420     0.053456       6238
WC_BA  bucket  COL   199918    420124        45   3337373   3699417    4580997    3348731    4559835     0.055670       8512
WC_BA  bucket  COL   199918    420124        60   3337373   3699417    4874857    3348706    4608680     0.058349      10807
WC_BA  bucket  COL   199918    420124        75   3337373   3699417    5168718    3348706    4608680     0.063097      13103
WC_BA  bucket  COL   199918    420124        90   3337373   3699417    5462578    3346983    5461082     0.065972      15398
WC_BA  bucket  COL   109604    165665        15   1912556   2954966    3079680    2051230    3076553     0.025592       3804
WC_BA  bucket  COL   109604    165665        30   1912556   2954966    3204394    2051005    3164212     0.027697       4566
WC_BA  bucket  COL   109604    165665        45   1912556   2954966    3329108    2039688    3324231     0.028446       5452
WC_BA  bucket  COL   109604    165665        60   1912556   2954966    3453822    2039688    3324231     0.031853       6426
WC_BA  bucket  COL   109604    165665        75   1912556   2954966    3578536    2039688    3324231     0.034850       7401
WC_BA  bucket  COL   109604    165665        90   1912556   2954966    3703250    1949209    3703122     0.035620       7698
WC_BA  bucket  COL   375781    320683        15   2008625   3183955    3262208    2080438    3259883     0.006916       2709
WC_BA  bucket  COL   375781    320683        30   2008625   3183955    3340462    2047337    3328548     0.005907       3126
WC_BA  bucket  COL   375781    320683        45   2008625   3183955    3418715    2025922    3413429     0.007022       3644
WC_BA  bucket  COL   375781    320683        60   2008625   3183955    3496969    2015970    3484988     0.008055       4217
WC_BA  bucket  COL   375781    320683        75   2008625   3183955    3575222    2011237    3570347     0.005477       4613
WC_BA  bucket  COL   375781    320683        90   2008625   3183955    3653476    2009679    3634438     0.007572       5212
WC_BA  bucket  COL    39883    364745        15   3327248   4580690    4838427    3617324    4767707     0.024964       5815
WC_BA  bucket  COL    39883    364745        30   3327248   4580690    5096165    3596311    5045939     0.025823       7665
WC_BA  bucket  COL    39883    364745        45   3327248   4580690    5353903    3596311    5045939     0.035081       9678
WC_BA  bucket  COL    39883    364745        60   3327248   4580690    5611641    3590701    5463926     0.039784      11692
WC_BA  bucket  COL    39883    364745        75   3327248   4580690    5869379    3365064    5769641     0.040735      11899
WC_BA  bucket  COL    39883    364745        90   3327248   4580690    6127117    3365064    5769641     0.042842      13913
WC_BA  bucket  COL   295175    160625        15   4335641   6103251    6407589    4639774    6399805     0.104210       7377
WC_BA  bucket  COL   295175    160625        30   4335641   6103251    6711928    4604604    6711106     0.134893       9754
WC_BA  bucket  COL   295175    160625        45   4335641   6103251    7016267    4509705    7016054     0.134950      11959
WC_BA  bucket  COL   295175    160625        60   4335641   6103251    7320606    4501793    7319118     0.110347      14337
WC_BA  bucket  COL   295175    160625        75   4335641   6103251    7624945    4345101    7618795     0.094668      13670
WC_BA  bucket  COL   295175    160625        90   4335641   6103251    7929284    4339018    7878729     0.097264      15828
WC_BA  bucket  COL    32822    246427        15   4776027   7099248    7301498    5056513    7301104     0.068483       5426
WC_BA  bucket  COL    32822    246427        30   4776027   7099248    7503749    5038620    7502268     0.082761       7006
WC_BA  bucket  COL    32822    246427        45   4776027   7099248    7706000    5012962    7705858     0.100453       8380
WC_BA  bucket  COL    32822    246427        60   4776027   7099248    7908251    4808882    7907958     0.086832       8130
WC_BA  bucket  COL    32822    246427        75   4776027   7099248    8110502    4780242    8110201     0.081732       9710
WC_BA  bucket  COL    32822    246427        90   4776027   7099248    8312753    4778690    8311981     0.083761      11043
WC_BA  bucket  COL   275047    269432        15   4161397   4555511    4631516    4164889    4630997     0.036613       2219
WC_BA  bucket  COL   275047    269432        30   4161397   4555511    4707522    4164231    4707169     0.041990       2813
WC_BA  bucket  COL   275047    269432        45   4161397   4555511    4783528    4163501    4781651     0.047133       3396
WC_BA  bucket  COL   275047    269432        60   4161397   4555511    4859534    4162900    4831216     0.049648       3989
WC_BA  bucket  COL   275047    269432        75   4161397   4555511    4935539    4162156    4933158     0.050528       4516
WC_BA  bucket  COL   275047    269432        90   4161397   4555511    5011545    4161426    5011385     0.051405       5103
WC_BA  bucket  COL   155278    425770        15   1905387   2322460    2583100    2022120    2579673     0.040031       4512
WC_BA  bucket  COL   155278    425770        30   1905387   2322460    2843740    1943511    2809696     0.043121       6522
WC_BA  bucket  COL   155278    425770        45   1905387   2322460    3104380    1942561    3051467     0.045931       7935
WC_BA  bucket  COL   155278    425770        60   1905387   2322460    3365020    1940642    3243950     0.048798       9956
WC_BA  bucket  COL   155278    425770        75   1905387   2322460    3625660    1935772    3624084     0.052284      11992
WC_BA  bucket  COL   155278    425770        90   1905387   2322460    3886300    1914622    3877477     0.050962      13873
WC_BA  bucket  COL    34214    116865        15    330991    624275     626946     336272     624275     0.001900       1566
WC_BA  bucket  COL    34214    116865        30    330991    624275     629618     336272     624275     0.001590       1619
WC_BA  bucket  COL    34214    116865        45    330991    624275     632290     336272     624275     0.002071       1640
WC_BA  bucket  COL    34214    116865        60    330991    624275     634962     336272     624275     0.002040       1660
WC_BA  bucket  COL    34214    116865        75    330991    624275     637634     336272     624275     0.001809       1681
WC_BA  bucket  COL    34214    116865        90    330991    624275     640305     336272     624275     0.002027       1702
WC_BA  bucket  COL   274739    404211        15   2564419   2880216    2893392    2578666    2891082     0.008689       1760
WC_BA  bucket  COL   274739    404211        30   2564419   2880216    2906569    2565281    2906259     0.008378       1775
WC_BA  bucket  COL   274739    404211        45   2564419   2880216    2919746    2565083    2911588     0.008773       1878
WC_BA  bucket  COL   274739    404211        60   2564419   2880216    2932923    2564937    2921363     0.009173       1981
WC_BA  bucket  COL   274739    404211        75   2564419   2880216    2946100    2564698    2945761     0.008269       2053
WC_BA  bucket  COL   274739    404211        90   2564419   2880216    2959277    2564552    2955536     0.008861       2154
WC_BA  bucket  COL   318823    385612        15   3211735   5507825    5670787    3607535    5664446     0.018891       6095
WC_BA  bucket  COL   318823    385612        30   3211735   5507825    5833750    3306710    5830119     0.026264       5278
WC_BA  bucket  COL   318823    385612        45   3211735   5507825    5996713    3261399    5996080     0.028604       6552
WC_BA  bucket  COL   318823    385612        60   3211735   5507825    6159676    3259869    6134853     0.031083       7004
WC_BA  bucket  COL   318823    385612        75   3211735   5507825    6322639    3252111    6319463     0.034842       8277
WC_BA  bucket  COL   318823    385612        90   3211735   5507825    6485602    3212900    6485478     0.035821       9367
WC_BA  bucket  COL    54666    352088        15   2420596   3635049    3725434    2488182    3721938     0.022751       2788
WC_BA  bucket  COL    54666    352088        30   2420596   3635049    3815819    2486454    3811286     0.023042       3494
WC_BA  bucket  COL    54666    352088        45   2420596   3635049    3906205    2450422    3906000     0.025493       3898
WC_BA  bucket  COL    54666    352088        60   2420596   3635049    3996590    2424702    3994186     0.032444       4480
WC_BA  bucket  COL    54666    352088        75   2420596   3635049    4086975    2422167    4078185     0.032061       5079
WC_BA  bucket  COL    54666    352088        90   2420596   3635049    4177361    2421672    4176432     0.034147       5785
WC_BA  bucket  COL   216362    187585        15   1588457   2437178    2522666    1663024    2514057     0.013949       2792
WC_BA  bucket  COL   216362    187585        30   1588457   2437178    2608154    1661924    2582283     0.013956       3445
WC_BA  bucket  COL   216362    187585        45   1588457   2437178    2693642    1661924    2582283     0.016007       4113
WC_BA  bucket  COL   216362    187585        60   1588457   2437178    2779130    1661924    2582283     0.016061       4781
WC_BA  bucket  COL   216362    187585        75   1588457   2437178    2864618    1661924    2582283     0.016467       5449
WC_BA  bucket  COL   216362    187585        90   1588457   2437178    2950106    1589591    2932350     0.019265       5552
WC_BA  bucket  COL   338674    408083        15   6030248   8741161    9104604    6356921    9100712     0.119314       8256
WC_BA  bucket  COL   338674    408083        30   6030248   8741161    9468048    6296679    9467166     0.143182      10293
WC_BA  bucket  COL   338674    408083        45   6030248   8741161    9831492    6076461    9830786     0.209760      11798
WC_BA  bucket  COL   338674    408083        60   6030248   8741161   10194936    6043756   10188090     0.216054      19601
WC_BA  bucket  COL   338674    408083        75   6030248   8741161   10558380    6037467   10557282     0.131790      18203
WC_BA  bucket  COL   338674    408083        90   6030248   8741161   10921824    6032985   10921813     0.112561      18594
WC_BA  bucket  COL   225938    113651        15    580306   1028712    1041514     588473    1039165     0.004734       1700
WC_BA  bucket  COL   225938    113651        30    580306   1028712    1054317     584973    1052211     0.005140       1772
WC_BA  bucket  COL   225938    113651        45    580306   1028712    1067120     582482    1065881     0.004891       1857
WC_BA  bucket  COL   225938    113651        60    580306   1028712    1079923     580969    1074867     0.005218       1943
WC_BA  bucket  COL   225938    113651        75    580306   1028712    1092726     580664    1086171     0.005475       2040
WC_BA  bucket  COL   225938    113651        90    580306   1028712    1105528     580377    1102652     0.006253       2136
WC_BA  bucket  COL   316749    368460        15   5052175   6567832    6851390    5331674    6842053     0.056305       5935
WC_BA  bucket  COL   316749    368460        30   5052175   6567832    7134949    5315585    6996165     0.059323       8024
WC_BA  bucket  COL   316749    368460        45   5052175   6567832    7418508    5309975    7414152     0.062398      10239
WC_BA  bucket  COL   316749    368460        60   5052175   6567832    7702067    5084753    7701233     0.062527      10752
WC_BA  bucket  COL   316749    368460        75   5052175   6567832    7985626    5084338    7719867     0.066163      12863
WC_BA  bucket  COL   316749    368460        90   5052175   6567832    8269184    5068520    8266229     0.073415      14999
WC_BA  bucket  COL     9842    388012        15   3098579   4187018    4231457    3135641    4231089     0.034975       2254
WC_BA  bucket  COL     9842    388012        30   3098579   4187018    4275896    3125360    4275092     0.035982       2510
WC_BA  bucket  COL     9842    388012        45   3098579   4187018    4320336    3114749    4319180     0.037924       2784
WC_BA  bucket  COL     9842    388012        60   3098579   4187018    4364775    3107524    4364168     0.041704       3094
WC_BA  bucket  COL     9842    388012        75   3098579   4187018    4409215    3101760    4408462     0.037518       3365
WC_BA  bucket  COL     9842    388012        90   3098579   4187018    4453654    3099186    4452102     0.039045       3624
WC_BA  bucket  COL   121254    427755        15    673245    993546    1057777     762832    1039351     0.013677       2743
WC_BA  bucket  COL   121254    427755        30    673245    993546    1122009     726705    1102697     0.013620       2957
WC_BA  bucket  COL   121254    427755        45    673245    993546    1186241     693793    1177217     0.018710       3381
WC_BA  bucket  COL   121254    427755        60    673245    993546    1250473     688546    1229194     0.018401       3662
WC_BA  bucket  COL   121254    427755        75    673245    993546    1314705     687177    1302622     0.019982       4154
WC_BA  bucket  COL   121254    427755        90    673245    993546    1378937     681514    1365432     0.021045       4611
WC_BA  bucket  COL   170579    116693        15   1207265   1661211    1698327    1207371    1696866     0.009767       1848
WC_BA  bucket  COL   170579    116693        30   1207265   1661211    1735443    1207371    1696866     0.010324       2138
WC_BA  bucket  COL   170579    116693        45   1207265   1661211    1772559    1207346    1745711     0.008589       2406
WC_BA  bucket  COL   170579    116693        60   1207265   1661211    1809676    1207346    1745711     0.009909       2696
WC_BA  bucket  COL   170579    116693        75   1207265   1661211    1846792    1207346    1745711     0.013581       2986
WC_BA  bucket  COL   170579    116693        90   1207265   1661211    1883908    1207290    1859808     0.011685       3276
WC_BA  bucket  COL   417719     70427        15   2280310   2841451    2951959    2286767    2950711     0.024119       2475
WC_BA  bucket  COL   417719     70427        30   2280310   2841451    3062468    2284804    3060543     0.028951       3339
WC_BA  bucket  COL   417719     70427        45   2280310   2841451    3172977    2283109    3171798     0.029171       4182
WC_BA  bucket  COL   417719     70427        60   2280310   2841451    3283486    2282276    3281388     0.030852       5038
WC_BA  bucket  COL   417719     70427        75   2280310   2841451    3393995    2281523    3346498     0.035163       5862
WC_BA  bucket  COL   417719     70427        90   2280310   2841451    3504504    2280847    3503709     0.034523       6725
WC_BA  bucket  COL   409032    366815        15   3005880   3673939    4043954    3367344    4022553     0.048347       7306
WC_BA  bucket  COL   409032    366815        30   3005880   3673939    4413970    3356261    4352094     0.057036      10158
WC_BA  bucket  COL   409032    366815        45   3005880   3673939    4783985    3088597    4769376     0.060480      11692
WC_BA  bucket  COL   409032    366815        60   3005880   3673939    5154001    3082255    5044309     0.064407      13701
WC_BA  bucket  COL   409032    366815        75   3005880   3673939    5524016    3079346    5493730     0.067341      16563
WC_BA  bucket  COL   409032    366815        90   3005880   3673939    5894032    3012222    5865776     0.065705      18930
WC_BA  bucket  COL   180047    400793        15   1950157   2229415    2252503    1951968    2229860     0.002842       1730
WC_BA  bucket  COL   180047    400793        30   1950157   2229415    2275592    1951626    2265191     0.003092       1910
WC_BA  bucket  COL   180047    400793        45   1950157   2229415    2298681    1951286    2290932     0.003364       2086
WC_BA  bucket  COL   180047    400793        60   1950157   2229415    2321770    1950964    2303269     0.003155       2265
WC_BA  bucket  COL   180047    400793        75   1950157   2229415    2344859    1950622    2338600     0.004017       2443
WC_BA  bucket  COL   180047    400793        90   1950157   2229415    2367948    1950282    2364341     0.003152       2619
WC_BA  bucket  COL   317837    402268        15   3290082   4974810    5141303    3554200    5135084     0.044746       4936
WC_BA  bucket  COL   317837    402268        30   3290082   4974810    5307797    3547406    5305276     0.059877       6180
WC_BA  bucket  COL   317837    402268        45   3290082   4974810    5474291    3514697    5470709     0.060755       7304
WC_BA  bucket  COL   317837    402268        60   3290082   4974810    5640785    3328102    5640524     0.047750       7213
WC_BA  bucket  COL   317837    402268        75   3290082   4974810    5807279    3294564    5805809     0.049028       8102
WC_BA  bucket  COL   317837    402268        90   3290082   4974810    5973773    3293459    5831321     0.058632       9366
WC_BA  bucket  COL   185464    370869        15   2815934   3388422    3617897    2903453    3616911     0.043950       4316
WC_BA  bucket  COL   185464    370869        30   2815934   3388422    3847372    2894766    3844943     0.055775       5873
WC_BA  bucket  COL   185464    370869        45   2815934   3388422    4076847    2846209    4062427     0.057592       7634
WC_BA  bucket  COL   185464    370869        60   2815934   3388422    4306322    2842896    4271318     0.057762       9324
WC_BA  bucket  COL   185464    370869        75   2815934   3388422    4535797    2832782    4533150     0.058339      10698
WC_BA  bucket  COL   185464    370869        90   2815934   3388422    4765272    2829703    4765156     0.059154      12401
WC_BA  bucket  COL   176423    145960        15   3403956   4351056    4664401    3717600    4647814     0.066726       6778
WC_BA  bucket  COL   176423    145960        30   3403956   4351056    4977746    3712790    4961310     0.059670       9226
WC_BA  bucket  COL   176423    145960        45   3403956   4351056    5291091    3691157    5275129     0.066279      11127
WC_BA  bucket  COL   176423    145960        60   3403956   4351056    5604436    3532701    5604138     0.067920      12357
WC_BA  bucket  COL   176423    145960        75   3403956   4351056    5917782    3519618    5913150     0.073437      14759
WC_BA  bucket  COL   176423    145960        90   3403956   4351056    6231127    3405741    6229750     0.074616      17115
WC_BA  bucket  COL   412562    330083        15    875468   1132686    1137022     877399    1135328     0.001809       1586
WC_BA  bucket  COL   412562    330083        30    875468   1132686    1141358     877399    1135328     0.001370       1619
WC_BA  bucket  COL   412562    330083        45    875468   1132686    1145694     875866    1143881     0.001819       1652
WC_BA  bucket  COL   412562    330083        60    875468   1132686    1150030     875866    1143881     0.001630       1686
WC_BA  bucket  COL   412562    330083        75    875468   1132686    1154367     875665    1153502     0.001521       1707
WC_BA  bucket  COL   412562    330083        90    875468   1132686    1158703     875665    1153502     0.002171       1740
WC_BA  bucket  COL   150082      7473        15   1160711   1256522    1293819    1162351    1281816     0.013058       1847
WC_BA  bucket  COL   150082      7473        30   1160711   1256522    1331116    1162042    1331016     0.012822       2138
WC_BA  bucket  COL   150082      7473        45   1160711   1256522    1368413    1161944    1357059     0.015083       2430
WC_BA  bucket  COL   150082      7473        60   1160711   1256522    1405710    1161351    1398907     0.015916       2711
WC_BA  bucket  COL   150082      7473        75   1160711   1256522    1443007    1160834    1430281     0.017460       3002
WC_BA  bucket  COL   150082      7473        90   1160711   1256522    1480304    1160736    1456324     0.021247       3284
WC_BA  bucket  COL   246549    283331        15   5968120   8450622    8801656    6494667    8798754     0.169052      10326
WC_BA  bucket  COL   246549    283331        30   5968120   8450622    9152690    6405765    9152690     0.267226      14203
WC_BA  bucket  COL   246549    283331        45   5968120   8450622    9503725    6230486    9501052     0.105421      12820
WC_BA  bucket  COL   246549    283331        60   5968120   8450622    9854759    6215281    9681955     0.165243      15204
WC_BA  bucket  COL   246549    283331        75   5968120   8450622   10205793    6081958   10205733     0.143773      16164
WC_BA  bucket  COL   246549    283331        90   5968120   8450622   10556828    5983161   10357181     0.111149      18108
WC_BA  bucket  COL    88023    166696        15   1158031   1690208    1710608    1165866    1697457     0.003889       1700
WC_BA  bucket  COL    88023    166696        30   1158031   1690208    1731008    1165437    1716321     0.003964       1859
WC_BA  bucket  COL    88023    166696        45   1158031   1690208    1751408    1165437    1716321     0.004368       2075
WC_BA  bucket  COL    88023    166696        60   1158031   1690208    1771809    1158660    1768532     0.003332       2178
WC_BA  bucket  COL    88023    166696        75   1158031   1690208    1792209    1158231    1787396     0.003535       2334
WC_BA  bucket  COL    88023    166696        90   1158031   1690208    1812609    1158231    1787396     0.004392       2494
