alg       queue  map  start_id  goal_id  constraint  min_cost1  min_cost2  budget  sol_cost1  sol_cost2  runtime(s)  search_malloc(KB)
WC_BA  bucket  NW  1089970    593567        15   7366593   8969632    9266978    7737739    9266633     0.308842      11733
WC_BA  bucket  NW  1089970    593567        30   7366593   8969632    9564325    7660473    9563695     0.305097      17896
WC_BA  bucket  NW  1089970    593567        45   7366593   8969632    9861672    7652685    9861213     0.222698      17147
WC_BA  bucket  NW  1089970    593567        60   7366593   8969632   10159019    7492658   10158658     0.273855      16091
WC_BA  bucket  NW  1089970    593567        75   7366593   8969632   10456366    7379651   10456281     0.353548      19573
WC_BA  bucket  NW  1089970    593567        90   7366593   8969632   10753713    7370180   10753120     0.245869      17822
WC_BA  bucket  NW   184610   1152102        15   6199575   8094633    8227042    6238335    8226809     0.136129       4216
WC_BA  bucket  NW   184610   1152102        30   6199575   8094633    8359451    6231782    8335182     0.144448       5251
WC_BA  bucket  NW   184610   1152102        45   6199575   8094633    8491861    6219507    8479784     0.153465       6285
WC_BA  bucket  NW   184610   1152102        60   6199575   8094633    8624270    6206565    8623505     0.153594       6652
WC_BA  bucket  NW   184610   1152102        75   6199575   8094633    8756679    6202834    8756095     0.164745       7686
WC_BA  bucket  NW   184610   1152102        90   6199575   8094633    8889089    6200065    8883294     0.161141       7778
WC_BA  bucket  NW   507559    359526        15   4832006   7824129    8236696    6415983    8235816     0.178923      18973
WC_BA  bucket  NW   507559    359526        30   4832006   7824129    8649263    5400229    8601650     0.134669      12667
WC_BA  bucket  NW   507559    359526        45   4832006   7824129    9061831    5068937    9050019     0.155613      15413
WC_BA  bucket  NW   507559    359526        60   4832006   7824129    9474398    4893317    9472897     0.173063      16732
WC_BA  bucket  NW   507559    359526        75   4832006   7824129    9886965    4839434    9817771     0.189592      17777
WC_BA  bucket  NW   507559    359526        90   4832006   7824129   10299533    4834489   10028412     0.204494      20894
WC_BA  bucket  NW   904244    516243        15   3644237   4374213    4422857    3678854    4406413     0.014709       2186
WC_BA  bucket  NW   904244    516243        30   3644237   4374213    4471501    3678854    4406413     0.017095       2566
WC_BA  bucket  NW   904244    516243        45   3644237   4374213    4520145    3678854    4406413     0.018823       2946
WC_BA  bucket  NW   904244    516243        60   3644237   4374213    4568789    3652883    4558677     0.019904       3123
WC_BA  bucket  NW   904244    516243        75   3644237   4374213    4617433    3652883    4558677     0.018268       3503
WC_BA  bucket  NW   904244    516243        90   3644237   4374213    4666077    3652883    4558677     0.022107       3883
WC_BA  bucket  NW    67936    938956        15   5377929   6538542    7009873    6020254    7006668     0.147433      10151
WC_BA  bucket  NW    67936    938956        30   5377929   6538542    7481205    5661554    7477158     0.189390      12844
WC_BA  bucket  NW    67936    938956        45   5377929   6538542    7952536    5626779    7951774     0.180718      15530
WC_BA  bucket  NW    67936    938956        60   5377929   6538542    8423868    5607419    8421182     0.132745      18393
WC_BA  bucket  NW    67936    938956        75   5377929   6538542    8895200    5398140    8892985     0.154680      21252
WC_BA  bucket  NW    67936    938956        90   5377929   6538542    9366531    5381038    9366254     0.139367      23732
WC_BA  bucket  NW  1137391    451342        15   4014156   5294397    5791089    4312397    5790512     0.183972       8128
WC_BA  bucket  NW  1137391    451342        30   4014156   5294397    6287782    4223874    6283938     0.214152      11819
WC_BA  bucket  NW  1137391    451342        45   4014156   5294397    6784475    4195638    6783207     0.255160      14758
WC_BA  bucket  NW  1137391    451342        60   4014156   5294397    7281168    4066929    7279979     0.216678      18449
WC_BA  bucket  NW  1137391    451342        75   4014156   5294397    7777861    4026535    7775713     0.211532      21831
WC_BA  bucket  NW  1137391    451342        90   4014156   5294397    8274554    4017148    8086623     0.212842      24842
WC_BA  bucket  NW   513282    593240        15   5953110   8014971    8543167    6359030    8542788     0.381708      14094
WC_BA  bucket  NW   513282    593240        30   5953110   8014971    9071363    6059130    9070925     0.410415      17296
WC_BA  bucket  NW   513282    593240        45   5953110   8014971    9599559    6023379    9599294     0.348967      21422
WC_BA  bucket  NW   513282    593240        60   5953110   8014971   10127755    6011027   10126720     0.309755      24359
WC_BA  bucket  NW   513282    593240        75   5953110   8014971   10655952    5971096   10655803     0.290698      25705
WC_BA  bucket  NW   513282    593240        90   5953110   8014971   11184148    5953397   11181699     0.223605      26598
WC_BA  bucket  NW   721517    319140        15   6566994   8594628    8982711    6936824    8982044     0.197258       7822
WC_BA  bucket  NW   721517    319140        30   6566994   8594628    9370794    6932746    9182357     0.237615      10457
WC_BA  bucket  NW   721517    319140        45   6566994   8594628    9758877    6932746    9182357     0.253868      13489
WC_BA  bucket  NW   721517    319140        60   6566994   8594628   10146960    6924894   10145546     0.306889      16461
WC_BA  bucket  NW   721517    319140        75   6566994   8594628   10535043    6704043   10534482     0.267959      18416
WC_BA  bucket  NW   721517    319140        90   6566994   8594628   10923126    6571884   10921822     0.266917      19860
WC_BA  bucket  NW    44226    934742        15   7492985   8299242    8879146    7747124    8878692     0.376009      11600
WC_BA  bucket  NW    44226    934742        30   7492985   8299242    9459050    7602388    9458815     0.646402      20738
WC_BA  bucket  NW    44226    934742        45   7492985   8299242   10038954    7579833   10038362     0.431728      26558
WC_BA  bucket  NW    44226    934742        60   7492985   8299242   10618858    7548284   10616415     0.518206      29508
WC_BA  bucket  NW    44226    934742        75   7492985   8299242   11198762    7501088   11198140     0.224614      27308
WC_BA  bucket  NW    44226    934742        90   7492985   8299242   11778666    7500061   11252824     0.238229      28774
WC_BA  bucket  NW   108185    477743        15   5805159   6882736    7387497    6265971    7386753     0.218037       9709
WC_BA  bucket  NW   108185    477743        30   5805159   6882736    7892258    6249528    7892131     0.113541      13215
WC_BA  bucket  NW   108185    477743        45   5805159   6882736    8397020    6247857    8365286     0.149297      17593
WC_BA  bucket  NW   108185    477743        60   5805159   6882736    8901781    5881663    8875786     0.146415      18069
WC_BA  bucket  NW   108185    477743        75   5805159   6882736    9406543    5845094    9406069     0.174456      22012
WC_BA  bucket  NW   108185    477743        90   5805159   6882736    9911304    5837122    9571002     0.191306      25446
WC_BA  bucket  NW  1028728    322281        15   3989244   5208479    5276438    4025346    5248195     0.015711       2349
WC_BA  bucket  NW  1028728    322281        30   3989244   5208479    5344398    4024901    5343768     0.017856       2876
WC_BA  bucket  NW  1028728    322281        45   3989244   5208479    5412357    4024901    5343768     0.019507       3407
WC_BA  bucket  NW  1028728    322281        60   3989244   5208479    5480317    3997192    5479836     0.019282       3938
WC_BA  bucket  NW  1028728    322281        75   3989244   5208479    5548277    3997187    5482590     0.021192       4469
WC_BA  bucket  NW  1028728    322281        90   3989244   5208479    5616236    3989689    5565970     0.020669       4725
WC_BA  bucket  NW   339429    709878        15   6081411   7858142    8428260    6397472    8423929     0.351595      12826
WC_BA  bucket  NW   339429    709878        30   6081411   7858142    8998379    6372701    8978336     0.467744      13488
WC_BA  bucket  NW   339429    709878        45   6081411   7858142    9568498    6372701    8978336     0.611631      18710
WC_BA  bucket  NW   339429    709878        60   6081411   7858142   10138617    6282759   10137592     0.664636      24638
WC_BA  bucket  NW   339429    709878        75   6081411   7858142   10708736    6134118   10707995     0.402984      27603
WC_BA  bucket  NW   339429    709878        90   6081411   7858142   11278854    6096596   11268240     0.317662      29231
WC_BA  bucket  NW   544980    304247        15   3732043   3846907    4024445    3764222    3992686     0.044410       3201
WC_BA  bucket  NW   544980    304247        30   3732043   3846907    4201984    3748664    4177736     0.044723       4542
WC_BA  bucket  NW   544980    304247        45   3732043   3846907    4379523    3745024    4374023     0.050291       5800
WC_BA  bucket  NW   544980    304247        60   3732043   3846907    4557062    3740129    4467429     0.050788       7147
WC_BA  bucket  NW   544980    304247        75   3732043   3846907    4734601    3740129    4467429     0.061877       8534
WC_BA  bucket  NW   544980    304247        90   3732043   3846907    4912140    3740008    4909103     0.065902       9921
WC_BA  bucket  NW    79391    280894        15   9004336  11974354   12770839    9731855   12770226     0.235546      13568
WC_BA  bucket  NW    79391    280894        30   9004336  11974354   13567324    9447987   13566497     0.834542      21907
WC_BA  bucket  NW    79391    280894        45   9004336  11974354   14363810    9198928   14363143     0.664324      29015
WC_BA  bucket  NW    79391    280894        60   9004336  11974354   15160295    9110102   15153499     0.761251      33789
WC_BA  bucket  NW    79391    280894        75   9004336  11974354   15956781    9054031   15956111     0.456507      35474
WC_BA  bucket  NW    79391    280894        90   9004336  11974354   16753266    9025312   16751844     0.403772      40779
WC_BA  bucket  NW   386289    539621        15   1281356   2270534    2355252    1372303    2346660     0.031854       2912
WC_BA  bucket  NW   386289    539621        30   1281356   2270534    2439971    1372192    2400371     0.031971       3569
WC_BA  bucket  NW   386289    539621        45   1281356   2270534    2524689    1317804    2524195     0.033164       3807
WC_BA  bucket  NW   386289    539621        60   1281356   2270534    2609408    1309275    2607566     0.036323       4456
WC_BA  bucket  NW   386289    539621        75   1281356   2270534    2694126    1301511    2694121     0.040698       5030
WC_BA  bucket  NW   386289    539621        90   1281356   2270534    2778845    1287479    2777545     0.043249       5555
WC_BA  bucket  NW   325465    276247        15   1566299   2867805    2915992    1609427    2912993     0.009903       2283
WC_BA  bucket  NW   325465    276247        30   1566299   2867805    2964180    1604344    2963398     0.009102       2659
WC_BA  bucket  NW   325465    276247        45   1566299   2867805    3012368    1600618    3008220     0.010173       3036
WC_BA  bucket  NW   325465    276247        60   1566299   2867805    3060556    1580562    3049790     0.010202       3297
WC_BA  bucket  NW   325465    276247        75   1566299   2867805    3108744    1575108    3093831     0.010508       3487
WC_BA  bucket  NW   325465    276247        90   1566299   2867805    3156932    1570025    3144236     0.010607       3824
WC_BA  bucket  NW   206473    568195        15   5233403   7238076    7815761    5676633    7815622     0.111665      10101
WC_BA  bucket  NW   206473    568195        30   5233403   7238076    8393447    5556392    8387982     0.120114      13595
WC_BA  bucket  NW   206473    568195        45   5233403   7238076    8971133    5368445    8970318     0.166150      18176
WC_BA  bucket  NW   206473    568195        60   5233403   7238076    9548819    5337982    9302361     0.259379      21173
WC_BA  bucket  NW   206473    568195        75   5233403   7238076   10126505    5274590   10124404     0.223728      25687
WC_BA  bucket  NW   206473    568195        90   5233403   7238076   10704191    5241010   10688714     0.186810      28674
WC_BA  bucket  NW   405704    624110        15   4934753   6901478    7159587    5721574    7159085     0.139967       8481
WC_BA  bucket  NW   405704    624110        30   4934753   6901478    7417697    5558680    7417370     0.123491      10453
WC_BA  bucket  NW   405704    624110        45   4934753   6901478    7675806    5527563    7674121     0.203074      13941
WC_BA  bucket  NW   405704    624110        60   4934753   6901478    7933916    5503648    7931565     0.227069      15793
WC_BA  bucket  NW   405704    624110        75   4934753   6901478    8192025    4987311    8152736     0.139685      12029
WC_BA  bucket  NW   405704    624110        90   4934753   6901478    8450135    4953982    8440868     0.165005      13785
WC_BA  bucket  NW   713569    582019        15   2538381   3415196    3664080    2717011    3628946     0.034990       4876
WC_BA  bucket  NW   713569    582019        30   2538381   3415196    3912965    2716560    3804788     0.035876       6817
WC_BA  bucket  NW   713569    582019        45   2538381   3415196    4161849    2716560    3804788     0.043238       8761
WC_BA  bucket  NW   713569    582019        60   2538381   3415196    4410734    2624453    4402887     0.048571      10246
WC_BA  bucket  NW   713569    582019        75   2538381   3415196    4659619    2594623    4652752     0.055862      11865
WC_BA  bucket  NW   713569    582019        90   2538381   3415196    4908503    2550695    4908409     0.054034      13554
WC_BA  bucket  NW  1066082    248437        15   5786604   9182981    9515870    6190412    9509811     0.072624       7315
WC_BA  bucket  NW  1066082    248437        30   5786604   9182981    9848759    5941859    9848222     0.066857       9341
WC_BA  bucket  NW  1066082    248437        45   5786604   9182981   10181648    5856095   10176231     0.080601      11392
WC_BA  bucket  NW  1066082    248437        60   5786604   9182981   10514537    5831635   10513795     0.088003      13993
WC_BA  bucket  NW  1066082    248437        75   5786604   9182981   10847426    5800677   10845460     0.098792      16158
WC_BA  bucket  NW  1066082    248437        90   5786604   9182981   11180315    5790465   11168254     0.099788      17304
WC_BA  bucket  NW   440572    646414        15   7349607   8809003    9644475    7985374    9644112     1.662785      24470
WC_BA  bucket  NW   440572    646414        30   7349607   8809003   10479948    7771959   10479557     2.890576      33974
WC_BA  bucket  NW   440572    646414        45   7349607   8809003   11315421    7675182   11314476     3.574073      46645
WC_BA  bucket  NW   440572    646414        60   7349607   8809003   12150894    7577331   12150718     2.307573      40313
WC_BA  bucket  NW   440572    646414        75   7349607   8809003   12986367    7423392   12984898     1.103739      47278
WC_BA  bucket  NW   440572    646414        90   7349607   8809003   13821840    7371189   13812447     0.410530      43993
WC_BA  bucket  NW   324434    447720        15   3063591   4583090    4691725    3171013    4691180     0.012572       3328
WC_BA  bucket  NW   324434    447720        30   3063591   4583090    4800360    3111716    4798843     0.014662       3857
WC_BA  bucket  NW   324434    447720        45   3063591   4583090    4908996    3111270    4896081     0.013587       4454
WC_BA  bucket  NW   324434    447720        60   3063591   4583090    5017631    3096995    5016214     0.018834       5303
WC_BA  bucket  NW   324434    447720        75   3063591   4583090    5126267    3068536    5096685     0.013585       6152
WC_BA  bucket  NW   324434    447720        90   3063591   4583090    5234902    3064036    5211753     0.013843       6631
WC_BA  bucket  NW  1131107   1093368        15   3716316   3910984    4081096    3748495    4007250     0.041802       3116
WC_BA  bucket  NW  1131107   1093368        30   3716316   3910984    4251208    3729961    4250963     0.046140       4405
WC_BA  bucket  NW  1131107   1093368        45   3716316   3910984    4421320    3729583    4257097     0.052240       5626
WC_BA  bucket  NW  1131107   1093368        60   3716316   3910984    4591432    3724402    4481993     0.058155       6915
WC_BA  bucket  NW  1131107   1093368        75   3716316   3910984    4761544    3724402    4481993     0.059224       8244
WC_BA  bucket  NW  1131107   1093368        90   3716316   3910984    4931656    3724402    4481993     0.065408       9573
WC_BA  bucket  NW   956956     19132        15   4034716   5808899    6205183    4356834    6203095     0.051286       6892
WC_BA  bucket  NW   956956     19132        30   4034716   5808899    6601467    4288466    6600725     0.055784      10909
WC_BA  bucket  NW   956956     19132        45   4034716   5808899    6997751    4232553    6992896     0.051264      12507
WC_BA  bucket  NW   956956     19132        60   4034716   5808899    7394035    4218444    7360878     0.047112      15356
WC_BA  bucket  NW   956956     19132        75   4034716   5808899    7790319    4218283    7453374     0.053188      18450
WC_BA  bucket  NW   956956     19132        90   4034716   5808899    8186603    4063778    8185815     0.062343      20745
WC_BA  bucket  NW   922258   1114929        15   4114093   4337037    4685201    4138265    4684805     0.296430      10780
WC_BA  bucket  NW   922258   1114929        30   4114093   4337037    5033365    4128844    5033048     0.297046      15036
WC_BA  bucket  NW   922258   1114929        45   4114093   4337037    5381529    4123745    5376244     0.213446      16221
WC_BA  bucket  NW   922258   1114929        60   4114093   4337037    5729693    4121963    5681435     0.161742      16317
WC_BA  bucket  NW   922258   1114929        75   4114093   4337037    6077857    4119593    6077857     0.198232      19805
WC_BA  bucket  NW   922258   1114929        90   4114093   4337037    6426021    4115527    6414648     0.149661      17867
WC_BA  bucket  NW   954759    981359        15   5051243   5576098    5807987    5206596    5807744     0.080028       4697
WC_BA  bucket  NW   954759    981359        30   5051243   5576098    6039877    5204823    6032683     0.098765       6470
WC_BA  bucket  NW   954759    981359        45   5051243   5576098    6271767    5203844    6267548     0.111511       8163
WC_BA  bucket  NW   954759    981359        60   5051243   5576098    6503657    5074141    6499546     0.103159       9181
WC_BA  bucket  NW   954759    981359        75   5051243   5576098    6735547    5061318    6690870     0.118102      10785
WC_BA  bucket  NW   954759    981359        90   5051243   5576098    6967437    5052222    6887166     0.122410      12413
WC_BA  bucket  NW   712658    393907        15   4244374   4687072    5118972    4323607    5113553     0.169312       7336
WC_BA  bucket  NW   712658    393907        30   4244374   4687072    5550872    4318609    5353234     0.191418      11478
WC_BA  bucket  NW   712658    393907        45   4244374   4687072    5982772    4265455    5981529     0.234727      15549
WC_BA  bucket  NW   712658    393907        60   4244374   4687072    6414672    4254711    6404879     0.196610      17087
WC_BA  bucket  NW   712658    393907        75   4244374   4687072    6846572    4252244    6589710     0.184107      19236
WC_BA  bucket  NW   712658    393907        90   4244374   4687072    7278472    4248825    7278355     0.184596      21842
WC_BA  bucket  NW   729846   1105043        15   4415338   4940260    5282410    4445670    5281061     0.246496       7693
WC_BA  bucket  NW   729846   1105043        30   4415338   4940260    5624560    4437920    5613408     0.225271      12670
WC_BA  bucket  NW   729846   1105043        45   4415338   4940260    5966710    4429445    5965362     0.156577      13039
WC_BA  bucket  NW   729846   1105043        60   4415338   4940260    6308860    4423208    6244565     0.155295      12289
WC_BA  bucket  NW   729846   1105043        75   4415338   4940260    6651010    4423208    6244565     0.173324      15730
WC_BA  bucket  NW   729846   1105043        90   4415338   4940260    6993160    4421183    6993012     0.168916      18403
WC_BA  bucket  NW   583261    830325        15   2103657   3902380    4032893    2220005    4031078     0.007485       3517
WC_BA  bucket  NW   583261    830325        30   2103657   3902380    4163406    2195862    4159647     0.012059       4323
WC_BA  bucket  NW   583261    830325        45   2103657   3902380    4293920    2177844    4292968     0.011866       5254
WC_BA  bucket  NW   583261    830325        60   2103657   3902380    4424433    2169726    4400530     0.009842       6130
WC_BA  bucket  NW   583261    830325        75   2103657   3902380    4554946    2169726    4400530     0.009017       7150
WC_BA  bucket  NW   583261    830325        90   2103657   3902380    4685460    2108242    4684205     0.013062       7721
WC_BA  bucket  NW  1140783    423136        15   6032232   7376048    7976552    6498807    7975372     0.179926      10227
WC_BA  bucket  NW  1140783    423136        30   6032232   7376048    8577056    6468309    8237439     0.155575      15521
WC_BA  bucket  NW  1140783    423136        45   6032232   7376048    9177560    6461233    9149884     0.189920      20164
WC_BA  bucket  NW  1140783    423136        60   6032232   7376048    9778064    6428712    9778038     0.209486      24368
WC_BA  bucket  NW  1140783    423136        75   6032232   7376048   10378568    6358664   10077935     0.239982      28958
WC_BA  bucket  NW  1140783    423136        90   6032232   7376048   10979072    6139704   10978765     0.252324      33650
WC_BA  bucket  NW   233560   1170176        15   3361221   3852168    4203470    3606394    4165999     0.062845       5839
WC_BA  bucket  NW   233560   1170176        30   3361221   3852168    4554772    3601747    4549653     0.077929       8751
WC_BA  bucket  NW   233560   1170176        45   3361221   3852168    4906074    3599960    4669555     0.094686      11634
WC_BA  bucket  NW   233560   1170176        60   3361221   3852168    5257376    3563594    5255006     0.109339      14379
WC_BA  bucket  NW   233560   1170176        75   3361221   3852168    5608678    3505975    5558100     0.117344      16560
WC_BA  bucket  NW   233560   1170176        90   3361221   3852168    5959980    3376435    5957233     0.115689      19054
WC_BA  bucket  NW   589340     90657        15   5923331   7570399    8088377    6102932    8087758     0.112171       7062
WC_BA  bucket  NW   589340     90657        30   5923331   7570399    8606355    6000301    8606101     0.087298      10528
WC_BA  bucket  NW   589340     90657        45   5923331   7570399    9124333    5962274    9031200     0.079988      14575
WC_BA  bucket  NW   589340     90657        60   5923331   7570399    9642311    5958889    9640513     0.109799      18138
WC_BA  bucket  NW   589340     90657        75   5923331   7570399   10160289    5930407   10111141     0.136826      21824
WC_BA  bucket  NW   589340     90657        90   5923331   7570399   10678267    5929271   10677235     0.155346      25871
WC_BA  bucket  NW  1027665    652804        15   1619969   2351593    2527073    1830865    2526272     0.009983       3421
WC_BA  bucket  NW  1027665    652804        30   1619969   2351593    2702554    1800005    2690523     0.015832       5212
WC_BA  bucket  NW  1027665    652804        45   1619969   2351593    2878035    1772280    2830080     0.013581       7174
WC_BA  bucket  NW  1027665    652804        60   1619969   2351593    3053516    1768271    2924697     0.012158       8178
WC_BA  bucket  NW  1027665    652804        75   1619969   2351593    3228997    1763422    3218920     0.017915       9524
WC_BA  bucket  NW  1027665    652804        90   1619969   2351593    3404477    1684781    3328107     0.016616      10268
WC_BA  bucket  NW  1141178    830555        15   5654178   7867192    8511393    6391159    8508260     0.654293      17060
WC_BA  bucket  NW  1141178    830555        30   5654178   7867192    9155595    6141059    9151073     0.800839      21457
WC_BA  bucket  NW  1141178    830555        45   5654178   7867192    9799797    5994276    9799671     0.540833      25376
WC_BA  bucket  NW  1141178    830555        60   5654178   7867192   10443999    5812292   10437832     0.506131      27347
WC_BA  bucket  NW  1141178    830555        75   5654178   7867192   11088201    5677614   11084506     0.272974      29437
WC_BA  bucket  NW  1141178    830555        90   5654178   7867192   11732403    5657130   11481706     0.249391      31756
WC_BA  bucket  NW   514115    848539        15   5537483   7320830    7918516    5914339    7913854     0.189473       9290
WC_BA  bucket  NW   514115    848539        30   5537483   7320830    8516203    5655513    8499247     0.288613      13606
WC_BA  bucket  NW   514115    848539        45   5537483   7320830    9113890    5620468    9113741     0.402176      18834
WC_BA  bucket  NW   514115    848539        60   5537483   7320830    9711577    5601748    9690831     0.363747      23910
WC_BA  bucket  NW   514115    848539        75   5537483   7320830   10309264    5566506   10272852     0.274538      26143
WC_BA  bucket  NW   514115    848539        90   5537483   7320830   10906951    5541566   10832219     0.249045      29759
WC_BA  bucket  NW   553651    392166        15   2858990   4168748    4269674    2902380    4251102     0.036508       2678
WC_BA  bucket  NW   553651    392166        30   2858990   4168748    4370601    2895807    4300915     0.044610       3467
WC_BA  bucket  NW   553651    392166        45   2858990   4168748    4471528    2894469    4394669     0.044596       4178
WC_BA  bucket  NW   553651    392166        60   2858990   4168748    4572455    2894469    4394669     0.043473       4967
WC_BA  bucket  NW   553651    392166        75   2858990   4168748    4673381    2871247    4672851     0.045420       5755
WC_BA  bucket  NW   553651    392166        90   2858990   4168748    4774308    2860328    4747839     0.046795       6277
WC_BA  bucket  NW   797842    335831        15   5662277  10130038   10302750    5857285   10302624     0.139469       6782
WC_BA  bucket  NW   797842    335831        30   5662277  10130038   10475462    5771824   10471430     0.142943       5964
WC_BA  bucket  NW   797842    335831        45   5662277  10130038   10648174    5690180   10643782     0.137249       7099
WC_BA  bucket  NW   797842    335831        60   5662277  10130038   10820886    5687744   10694936     0.143623       8448
WC_BA  bucket  NW   797842    335831        75   5662277  10130038   10993598    5668818   10984153     0.144385       8449
WC_BA  bucket  NW   797842    335831        90   5662277  10130038   11166310    5666382   11035307     0.159656       9664
WC_BA  bucket  NW    77181   1204557        15   3282637   5164816    5386993    3552942    5372271     0.037394       6329
WC_BA  bucket  NW    77181   1204557        30   3282637   5164816    5609170    3495338    5607514     0.044570       7664
WC_BA  bucket  NW    77181   1204557        45   3282637   5164816    5831347    3488183    5823555     0.050722       9400
WC_BA  bucket  NW    77181   1204557        60   3282637   5164816    6053525    3328189    6052393     0.047422       9818
WC_BA  bucket  NW    77181   1204557        75   3282637   5164816    6275702    3296812    6261932     0.058868      10592
WC_BA  bucket  NW    77181   1204557        90   3282637   5164816    6497879    3293365    6414641     0.055190      12034
WC_BA  bucket  NW  1080282    649229        15   6700596   9513661   10155435    7586477   10154898     0.425911      16495
WC_BA  bucket  NW  1080282    649229        30   6700596   9513661   10797209    6855171   10795798     0.225616      17498
WC_BA  bucket  NW  1080282    649229        45   6700596   9513661   11438983    6809611   11435464     0.189484      17429
WC_BA  bucket  NW  1080282    649229        60   6700596   9513661   12080757    6809611   11435464     0.232801      23211
WC_BA  bucket  NW  1080282    649229        75   6700596   9513661   12722531    6809611   11435464     0.342840      28993
WC_BA  bucket  NW  1080282    649229        90   6700596   9513661   13364305    6723944   13363466     0.292515      34007
WC_BA  bucket  NW   253054    588198        15   5332278   7696764    7993827    5853270    7992438     0.119363       8129
WC_BA  bucket  NW   253054    588198        30   5332278   7696764    8290890    5633358    8290336     0.153957      11482
WC_BA  bucket  NW   253054    588198        45   5332278   7696764    8587953    5472043    8586906     0.150148      13035
WC_BA  bucket  NW   253054    588198        60   5332278   7696764    8885016    5413215    8884980     0.149971      14588
WC_BA  bucket  NW   253054    588198        75   5332278   7696764    9182079    5361877    9181481     0.160142      15120
WC_BA  bucket  NW   253054    588198        90   5332278   7696764    9479142    5334849    9451454     0.167881      16019
WC_BA  bucket  NW   811845    619437        15   5224166   6379302    6868846    5373673    6867430     0.208677       7795
WC_BA  bucket  NW   811845    619437        30   5224166   6379302    7358390    5364104    7333030     0.235827      12324
WC_BA  bucket  NW   811845    619437        45   5224166   6379302    7847934    5297007    7847160     0.287500      16383
WC_BA  bucket  NW   811845    619437        60   5224166   6379302    8337478    5280736    8290041     0.292591      20208
WC_BA  bucket  NW   811845    619437        75   5224166   6379302    8827022    5239584    8826904     0.266260      21891
WC_BA  bucket  NW   811845    619437        90   5224166   6379302    9316566    5227287    9309558     0.243625      24548
WC_BA  bucket  NW   466164    149175        15   1577417   1975543    2091939    1612235    2090288     0.021909       2833
WC_BA  bucket  NW   466164    149175        30   1577417   1975543    2208336    1609768    2143009     0.025102       3607
WC_BA  bucket  NW   466164    149175        45   1577417   1975543    2324733    1587693    2323958     0.027193       4488
WC_BA  bucket  NW   466164    149175        60   1577417   1975543    2441129    1586782    2361792     0.031467       5371
WC_BA  bucket  NW   466164    149175        75   1577417   1975543    2557526    1579898    2556061     0.030652       6137
WC_BA  bucket  NW   466164    149175        90   1577417   1975543    2673923    1579814    2570682     0.030890       7011
WC_BA  bucket  NW   856578    649869        15   4804671   7513981    7950969    5061147    7937647     0.137679       7312
WC_BA  bucket  NW   856578    649869        30   4804671   7513981    8387958    4915201    8385781     0.142243       9642
WC_BA  bucket  NW   856578    649869        45   4804671   7513981    8824946    4854282    8824747     0.129265      12459
WC_BA  bucket  NW   856578    649869        60   4804671   7513981    9261935    4845494    9117844     0.131326      15511
WC_BA  bucket  NW   856578    649869        75   4804671   7513981    9698923    4845494    9117844     0.144359      18924
WC_BA  bucket  NW   856578    649869        90   4804671   7513981   10135912    4818767   10135876     0.152620      22338
WC_BA  bucket  NW   959127    744725        15   4466377   4506057    4555667    4469312    4553904     0.029610       1974
WC_BA  bucket  NW   959127    744725        30   4466377   4506057    4605277    4467990    4603001     0.033164       2357
WC_BA  bucket  NW   959127    744725        45   4466377   4506057    4654887    4466922    4649353     0.032267       2734
WC_BA  bucket  NW   959127    744725        60   4466377   4506057    4704497    4466828    4660949     0.034689       3090
WC_BA  bucket  NW   959127    744725        75   4466377   4506057    4754107    4466828    4660949     0.034095       3477
WC_BA  bucket  NW   959127    744725        90   4466377   4506057    4803717    4466828    4660949     0.037113       3865
WC_BA  bucket  NW   528758    540663        15   1293608   1717084    1775186    1331642    1767516     0.023586       2353
WC_BA  bucket  NW   528758    540663        30   1293608   1717084    1833289    1313193    1832871     0.020779       2626
WC_BA  bucket  NW   528758    540663        45   1293608   1717084    1891391    1312353    1863629     0.024147       3044
WC_BA  bucket  NW   528758    540663        60   1293608   1717084    1949494    1306312    1948186     0.028318       3498
WC_BA  bucket  NW   528758    540663        75   1293608   1717084    2007597    1304502    1990550     0.029251       3890
WC_BA  bucket  NW   528758    540663        90   1293608   1717084    2065699    1295418    2062071     0.028335       4343
WC_BA  bucket  NW   712357    828249        15   3000999   4480570    4702594    3296423    4693102     0.049002       5595
WC_BA  bucket  NW   712357    828249        30   3000999   4480570    4924619    3246524    4919127     0.051353       6976
WC_BA  bucket  NW   712357    828249        45   3000999   4480570    5146644    3160954    5144244     0.064547       8259
WC_BA  bucket  NW   712357    828249        60   3000999   4480570    5368669    3077252    5367519     0.053392       9109
WC_BA  bucket  NW   712357    828249        75   3000999   4480570    5590694    3059358    5577130     0.056873      10772
WC_BA  bucket  NW   712357    828249        90   3000999   4480570    5812719    3009459    5803155     0.059291      12296
WC_BA  bucket  NW  1181186     17722        15   6340248   8928291    9541219    6948138    9538173     0.311355      12733
WC_BA  bucket  NW  1181186     17722        30   6340248   8928291   10154147    6522857   10152900     0.555636      21819
WC_BA  bucket  NW  1181186     17722        45   6340248   8928291   10767076    6427664   10766708     0.684933      25374
WC_BA  bucket  NW  1181186     17722        60   6340248   8928291   11380004    6407754   11379882     0.601388      28150
WC_BA  bucket  NW  1181186     17722        75   6340248   8928291   11992932    6391240   11992596     0.541486      29790
WC_BA  bucket  NW  1181186     17722        90   6340248   8928291   12605861    6348174   12603318     0.289982      31338
WC_BA  bucket  NW   622137    258289        15   4130985   5801350    5952539    4195809    5950746     0.055773       3623
WC_BA  bucket  NW   622137    258289        30   4130985   5801350    6103729    4162965    6103165     0.054406       4436
WC_BA  bucket  NW   622137    258289        45   4130985   5801350    6254918    4155409    6252805     0.054205       5408
WC_BA  bucket  NW   622137    258289        60   4130985   5801350    6406108    4152730    6405718     0.080190       6589
WC_BA  bucket  NW   622137    258289        75   4130985   5801350    6557297    4134588    6556914     0.066699       7603
WC_BA  bucket  NW   622137    258289        90   4130985   5801350    6708487    4133875    6608460     0.069068       8645
WC_BA  bucket  NW   486314   1120517        15    728248   1420970    1466868     883566    1446420     0.004452       1948
WC_BA  bucket  NW   486314   1120517        30    728248   1420970    1512766     883566    1446420     0.005237       3466
WC_BA  bucket  NW   486314   1120517        45    728248   1420970    1558664     876628    1524859     0.005490       3771
WC_BA  bucket  NW   486314   1120517        60    728248   1420970    1604562     876628    1524859     0.006125       4129
WC_BA  bucket  NW   486314   1120517        75    728248   1420970    1650460     876628    1524859     0.006592       4488
WC_BA  bucket  NW   486314   1120517        90    728248   1420970    1696358     876628    1524859     0.007044       4846
WC_BA  bucket  NW  1188800   1060548        15   5649996   7520496    7758274    6437366    7754562     0.155157       9831
WC_BA  bucket  NW  1188800   1060548        30   5649996   7520496    7996052    5935148    7994919     0.123094       7964
WC_BA  bucket  NW  1188800   1060548        45   5649996   7520496    8233830    5823647    8231999     0.129069      10589
WC_BA  bucket  NW  1188800   1060548        60   5649996   7520496    8471608    5734882    8467794     0.146450      13215
WC_BA  bucket  NW  1188800   1060548        75   5649996   7520496    8709387    5670895    8706393     0.146417      13546
WC_BA  bucket  NW  1188800   1060548        90   5649996   7520496    8947165    5652640    8943877     0.131286      12830
