alg       queue  map  start_id  goal_id  constraint  min_cost1  min_cost2  budget  sol_cost1  sol_cost2  runtime(s)  search_malloc(KB)
WC_BA  bucket  NY   118216    154705        15    790262   1039493    1093610     857583    1093186     0.051762       2609
WC_BA  bucket  NY   118216    154705        30    790262   1039493    1147727     810764    1147346     0.040751       2572
WC_BA  bucket  NY   118216    154705        45    790262   1039493    1201844     803475    1199823     0.053414       2995
WC_BA  bucket  NY   118216    154705        60    790262   1039493    1255961     801480    1253266     0.058841       4186
WC_BA  bucket  NY   118216    154705        75    790262   1039493    1310078     797314    1309669     0.055919       4609
WC_BA  bucket  NY   118216    154705        90    790262   1039493    1364195     793521    1363988     0.048880       4108
WC_BA  bucket  NY   223529    231949        15    698727    979106    1041382     752294    1041025     0.036014       2592
WC_BA  bucket  NY   223529    231949        30    698727    979106    1103659     725617    1102719     0.043434       2895
WC_BA  bucket  NY   223529    231949        45    698727    979106    1165936     719134    1152759     0.049033       3177
WC_BA  bucket  NY   223529    231949        60    698727    979106    1228213     717535    1181581     0.051247       3663
WC_BA  bucket  NY   223529    231949        75    698727    979106    1290490     710112    1290136     0.059006       4127
WC_BA  bucket  NY   223529    231949        90    698727    979106    1352767     700692    1350221     0.059275       4499
WC_BA  bucket  NY    27084    122679        15    307887    449094     484777     343617     482718     0.006986       2192
WC_BA  bucket  NY    27084    122679        30    307887    449094     520460     333531     519163     0.010775       2468
WC_BA  bucket  NY    27084    122679        45    307887    449094     556143     321086     554681     0.010130       2739
WC_BA  bucket  NY    27084    122679        60    307887    449094     591826     314199     586642     0.012621       2964
WC_BA  bucket  NY    27084    122679        75    307887    449094     627510     308889     623379     0.010012       3028
WC_BA  bucket  NY    27084    122679        90    307887    449094     663193     307934     638122     0.011957       3209
WC_BA  bucket  NY   137839    144564        15    213655    327949     345122     238684     343565     0.005267       1866
WC_BA  bucket  NY   137839    144564        30    213655    327949     362296     220671     361300     0.006565       1877
WC_BA  bucket  NY   137839    144564        45    213655    327949     379469     219728     369747     0.005163       2011
WC_BA  bucket  NY   137839    144564        60    213655    327949     396643     219504     395147     0.009225       2118
WC_BA  bucket  NY   137839    144564        75    213655    327949     413817     213921     411175     0.007540       2252
WC_BA  bucket  NY   137839    144564        90    213655    327949     430990     213704     428270     0.007849       2342
WC_BA  bucket  NY   112388     89862        15    682955    807899     886996     698691     878173     0.021022       2358
WC_BA  bucket  NY   112388     89862        30    682955    807899     966094     690411     965837     0.022598       2920
WC_BA  bucket  NY   112388     89862        45    682955    807899    1045192     683697    1043558     0.026188       3395
WC_BA  bucket  NY   112388     89862        60    682955    807899    1124289     683664    1052838     0.031330       4013
WC_BA  bucket  NY   112388     89862        75    682955    807899    1203387     683664    1052838     0.034822       4631
WC_BA  bucket  NY   112388     89862        90    682955    807899    1282485     683664    1052838     0.038273       5249
WC_BA  bucket  NY    23782    223879        15    359432    507889     555445     402597     555009     0.015212       2367
WC_BA  bucket  NY    23782    223879        30    359432    507889     603001     366987     598728     0.013938       2338
WC_BA  bucket  NY    23782    223879        45    359432    507889     650558     360703     650501     0.014130       2660
WC_BA  bucket  NY    23782    223879        60    359432    507889     698114     360033     653146     0.018257       3027
WC_BA  bucket  NY    23782    223879        75    359432    507889     745671     360033     653146     0.020327       3398
WC_BA  bucket  NY    23782    223879        90    359432    507889     793227     360033     653146     0.021506       3770
WC_BA  bucket  NY   110010    125761        15    330979    481389     531282     376981     527416     0.010163       2294
WC_BA  bucket  NY   110010    125761        30    330979    481389     581176     375730     566805     0.009239       2689
WC_BA  bucket  NY   110010    125761        45    330979    481389     631070     375730     566805     0.014159       3078
WC_BA  bucket  NY   110010    125761        60    330979    481389     680964     375586     677373     0.016803       3468
WC_BA  bucket  NY   110010    125761        75    330979    481389     730857     372951     728574     0.016298       3819
WC_BA  bucket  NY   110010    125761        90    330979    481389     780751     345297     780593     0.017258       4002
WC_BA  bucket  NY   250720    154155        15    407017    568490     600015     457788     596052     0.013754       2226
WC_BA  bucket  NY   250720    154155        30    407017    568490     631541     427141     629792     0.014425       2329
WC_BA  bucket  NY   250720    154155        45    407017    568490     663066     420648     660907     0.013972       2575
WC_BA  bucket  NY   250720    154155        60    407017    568490     694592     414586     692774     0.016535       2819
WC_BA  bucket  NY   250720    154155        75    407017    568490     726117     408041     724764     0.021646       3021
WC_BA  bucket  NY   250720    154155        90    407017    568490     757643     407370     745442     0.018284       3016
WC_BA  bucket  NY   173518    248746        15    441356    647760     672553     468965     671094     0.011665       1970
WC_BA  bucket  NY   173518    248746        30    441356    647760     697347     463556     697061     0.018054       2152
WC_BA  bucket  NY   173518    248746        45    441356    647760     722141     454570     720269     0.018287       2314
WC_BA  bucket  NY   173518    248746        60    441356    647760     746935     444898     744813     0.018516       2447
WC_BA  bucket  NY   173518    248746        75    441356    647760     771729     442165     771039     0.021930       2589
WC_BA  bucket  NY   173518    248746        90    441356    647760     796522     441709     779834     0.019047       2701
WC_BA  bucket  NY   207151     33613        15    439201    534140     578403     466937     578262     0.015918       2197
WC_BA  bucket  NY   207151     33613        30    439201    534140     622667     457878     622585     0.028521       2415
WC_BA  bucket  NY   207151     33613        45    439201    534140     666931     449396     666877     0.032127       2761
WC_BA  bucket  NY   207151     33613        60    439201    534140     711195     445511     710908     0.025869       3103
WC_BA  bucket  NY   207151     33613        75    439201    534140     755459     443170     755424     0.027065       3296
WC_BA  bucket  NY   207151     33613        90    439201    534140     799723     439506     797168     0.024684       3642
WC_BA  bucket  NY     7192     98734        15    372843    576177     619134     447733     601856     0.012804       2508
WC_BA  bucket  NY     7192     98734        30    372843    576177     662091     445474     644890     0.014617       2844
WC_BA  bucket  NY     7192     98734        45    372843    576177     705048     384646     696102     0.013563       2680
WC_BA  bucket  NY     7192     98734        60    372843    576177     748005     375399     744418     0.012355       2952
WC_BA  bucket  NY     7192     98734        75    372843    576177     790962     373462     764994     0.018395       3219
WC_BA  bucket  NY     7192     98734        90    372843    576177     833919     373082     823847     0.015634       3551
WC_BA  bucket  NY    54358    121207        15    200996    247343     268107     205253     266316     0.001444       1731
WC_BA  bucket  NY    54358    121207        30    200996    247343     288872     204308     283121     0.002258       1893
WC_BA  bucket  NY    54358    121207        45    200996    247343     309636     203948     297031     0.003010       2056
WC_BA  bucket  NY    54358    121207        60    200996    247343     330401     203948     297031     0.003727       2209
WC_BA  bucket  NY    54358    121207        75    200996    247343     351166     201409     336519     0.004547       2350
WC_BA  bucket  NY    54358    121207        90    200996    247343     371930     201409     336519     0.004113       2512
WC_BA  bucket  NY   238356     61713        15   1106573   1274591    1367540    1117153    1367244     0.038134       2405
WC_BA  bucket  NY   238356     61713        30   1106573   1274591    1460489    1112970    1458897     0.048721       3070
WC_BA  bucket  NY   238356     61713        45   1106573   1274591    1553438    1110001    1512674     0.055502       3791
WC_BA  bucket  NY   238356     61713        60   1106573   1274591    1646388    1109381    1608983     0.060051       4515
WC_BA  bucket  NY   238356     61713        75   1106573   1274591    1739337    1107458    1731660     0.063228       5173
WC_BA  bucket  NY   238356     61713        90   1106573   1274591    1832286    1107458    1731660     0.060420       5900
WC_BA  bucket  NY     7446    155615        15    679072    861711     900197     713728     899932     0.025697       2170
WC_BA  bucket  NY     7446    155615        30    679072    861711     938683     700553     937503     0.028175       2423
WC_BA  bucket  NY     7446    155615        45    679072    861711     977170     694948     974297     0.032046       2670
WC_BA  bucket  NY     7446    155615        60    679072    861711    1015656     685842    1014653     0.038537       2885
WC_BA  bucket  NY     7446    155615        75    679072    861711    1054143     681308    1049837     0.032780       3135
WC_BA  bucket  NY     7446    155615        90    679072    861711    1092629     679567    1090464     0.035981       3347
WC_BA  bucket  NY    43482      3638        15    816492   1012600    1082888     854173    1082443     0.036691       2536
WC_BA  bucket  NY    43482      3638        30    816492   1012600    1153177     828267    1152086     0.037193       2983
WC_BA  bucket  NY    43482      3638        45    816492   1012600    1223466     822883    1222956     0.040947       3293
WC_BA  bucket  NY    43482      3638        60    816492   1012600    1293755     819428    1292102     0.045008       3837
WC_BA  bucket  NY    43482      3638        75    816492   1012600    1364044     818500    1363506     0.045497       4307
WC_BA  bucket  NY    43482      3638        90    816492   1012600    1434332     817626    1431593     0.049628       4840
WC_BA  bucket  NY    50938    210062        15    317633    421924     451254     322881     450286     0.009665       1835
WC_BA  bucket  NY    50938    210062        30    317633    421924     480584     320289     480074     0.013017       2065
WC_BA  bucket  NY    50938    210062        45    317633    421924     509914     318504     508623     0.009565       2294
WC_BA  bucket  NY    50938    210062        60    317633    421924     539245     317835     538587     0.011809       2466
WC_BA  bucket  NY    50938    210062        75    317633    421924     568575     317679     563099     0.015124       2682
WC_BA  bucket  NY    50938    210062        90    317633    421924     597905     317658     579831     0.014800       2911
WC_BA  bucket  NY    14582      5999        15    631549    856856     932225     727014     929491     0.021559       2942
WC_BA  bucket  NY    14582      5999        30    631549    856856    1007595     704618    1003874     0.024879       3484
WC_BA  bucket  NY    14582      5999        45    631549    856856    1082965     674502    1082000     0.028840       3968
WC_BA  bucket  NY    14582      5999        60    631549    856856    1158335     665230    1158100     0.039564       4432
WC_BA  bucket  NY    14582      5999        75    631549    856856    1233705     659635    1182078     0.033991       4699
WC_BA  bucket  NY    14582      5999        90    631549    856856    1309075     638671    1304626     0.035120       5245
WC_BA  bucket  NY   165325    126930        15    538086    744312     810210     575617     808771     0.036699       2555
WC_BA  bucket  NY   165325    126930        30    538086    744312     876108     566528     875307     0.050240       2985
WC_BA  bucket  NY   165325    126930        45    538086    744312     942006     552369     937968     0.050329       3470
WC_BA  bucket  NY   165325    126930        60    538086    744312    1007905     547617     989902     0.050260       3669
WC_BA  bucket  NY   165325    126930        75    538086    744312    1073803     545701    1015151     0.050626       4169
WC_BA  bucket  NY   165325    126930        90    538086    744312    1139701     542054    1134856     0.047847       4662
WC_BA  bucket  NY   170918     36653        15    589304    844411     889209     608187     889072     0.029951       2112
WC_BA  bucket  NY   170918     36653        30    589304    844411     934007     598870     933155     0.029059       2462
WC_BA  bucket  NY   170918     36653        45    589304    844411     978806     595555     976533     0.040022       2749
WC_BA  bucket  NY   170918     36653        60    589304    844411    1023604     593147    1022485     0.038337       3023
WC_BA  bucket  NY   170918     36653        75    589304    844411    1068403     591281    1067677     0.039463       3343
WC_BA  bucket  NY   170918     36653        90    589304    844411    1113201     589609    1111002     0.046452       3647
WC_BA  bucket  NY   166597    150573        15    329982    504482     547098     364294     547012     0.013582       2137
WC_BA  bucket  NY   166597    150573        30    329982    504482     589715     341901     588617     0.016457       2390
WC_BA  bucket  NY   166597    150573        45    329982    504482     632331     340965     630348     0.022979       2620
WC_BA  bucket  NY   166597    150573        60    329982    504482     674948     334441     674035     0.020697       2953
WC_BA  bucket  NY   166597    150573        75    329982    504482     717565     331376     696998     0.022184       3211
WC_BA  bucket  NY   166597    150573        90    329982    504482     760181     330949     759194     0.024048       3541
WC_BA  bucket  NY   239354     47282        15    670750    741147     783444     691745     779838     0.018027       2038
WC_BA  bucket  NY   239354     47282        30    670750    741147     825742     688101     807063     0.024738       2369
WC_BA  bucket  NY   239354     47282        45    670750    741147     868040     681709     866662     0.030420       2699
WC_BA  bucket  NY   239354     47282        60    670750    741147     910338     677452     908905     0.035667       2969
WC_BA  bucket  NY   239354     47282        75    670750    741147     952636     673877     936732     0.035223       3212
WC_BA  bucket  NY   239354     47282        90    670750    741147     994934     673624     973083     0.031824       3541
WC_BA  bucket  NY    45978     86722        15    566744    793965     827615     591710     824704     0.011057       1994
WC_BA  bucket  NY    45978     86722        30    566744    793965     861265     582588     858480     0.012749       2257
WC_BA  bucket  NY    45978     86722        45    566744    793965     894916     576469     888005     0.013682       2519
WC_BA  bucket  NY    45978     86722        60    566744    793965     928566     574765     923350     0.014854       2732
WC_BA  bucket  NY    45978     86722        75    566744    793965     962217     572072     959141     0.013828       2903
WC_BA  bucket  NY    45978     86722        90    566744    793965     995867     568448     982956     0.016434       3126
WC_BA  bucket  NY    78968    185408        15   1031510   1382675    1501437    1107788    1500027     0.058305       4120
WC_BA  bucket  NY    78968    185408        30   1031510   1382675    1620200    1095252    1613741     0.081429       5816
WC_BA  bucket  NY    78968    185408        45   1031510   1382675    1738963    1076216    1738705     0.101468       6621
WC_BA  bucket  NY    78968    185408        60   1031510   1382675    1857726    1054384    1857419     0.105446       6498
WC_BA  bucket  NY    78968    185408        75   1031510   1382675    1976489    1039224    1974741     0.081848       7228
WC_BA  bucket  NY    78968    185408        90   1031510   1382675    2095252    1033383    2094775     0.065600       7197
WC_BA  bucket  NY     9010    121390        15    562846    753614     823823     582864     823403     0.020165       2246
WC_BA  bucket  NY     9010    121390        30    562846    753614     894033     580867     889305     0.029771       2790
WC_BA  bucket  NY     9010    121390        45    562846    753614     964243     572399     962310     0.032070       3338
WC_BA  bucket  NY     9010    121390        60    562846    753614    1034453     569487    1031768     0.036295       3786
WC_BA  bucket  NY     9010    121390        75    562846    753614    1104663     565312    1102778     0.041966       4301
WC_BA  bucket  NY     9010    121390        90    562846    753614    1174873     563874    1155840     0.040706       4835
WC_BA  bucket  NY    60515    259474        15    944162   1165246    1258134     989197    1257620     0.048679       2792
WC_BA  bucket  NY    60515    259474        30    944162   1165246    1351022     967822    1350846     0.066923       4286
WC_BA  bucket  NY    60515    259474        45    944162   1165246    1443910     950261    1442922     0.065776       5012
WC_BA  bucket  NY    60515    259474        60    944162   1165246    1536798     947695    1487250     0.064388       4537
WC_BA  bucket  NY    60515    259474        75    944162   1165246    1629686     946705    1565514     0.064779       5184
WC_BA  bucket  NY    60515    259474        90    944162   1165246    1722574     945152    1706236     0.061514       5898
WC_BA  bucket  NY   233340    156943        15    692036    795142     865366     753890     863262     0.032917       2592
WC_BA  bucket  NY   233340    156943        30    692036    795142     935591     717409     934758     0.042933       2987
WC_BA  bucket  NY   233340    156943        45    692036    795142    1005816     701767    1002116     0.035628       3536
WC_BA  bucket  NY   233340    156943        60    692036    795142    1076041     695896    1075186     0.033031       4085
WC_BA  bucket  NY   233340    156943        75    692036    795142    1146265     693829    1143881     0.035740       4313
WC_BA  bucket  NY   233340    156943        90    692036    795142    1216490     692740    1209121     0.039252       4841
WC_BA  bucket  NY    50785    181592        15    367339    446303     492003     374505     490921     0.009118       1957
WC_BA  bucket  NY    50785    181592        30    367339    446303     537704     372706     535244     0.012922       2295
WC_BA  bucket  NY    50785    181592        45    367339    446303     583404     372683     548383     0.015978       2649
WC_BA  bucket  NY    50785    181592        60    367339    446303     629105     370300     627350     0.015734       3006
WC_BA  bucket  NY    50785    181592        75    367339    446303     674806     369827     655312     0.019675       3340
WC_BA  bucket  NY    50785    181592        90    367339    446303     720506     367835     720339     0.019704       3683
WC_BA  bucket  NY    91446    257763        15   1480769   1851331    1965367    1535813    1964919     0.093778       3744
WC_BA  bucket  NY    91446    257763        30   1480769   1851331    2079404    1513575    2078401     0.114340       5403
WC_BA  bucket  NY    91446    257763        45   1480769   1851331    2193441    1495755    2188359     0.138631       7062
WC_BA  bucket  NY    91446    257763        60   1480769   1851331    2307478    1487387    2306487     0.081181       6341
WC_BA  bucket  NY    91446    257763        75   1480769   1851331    2421514    1483312    2392590     0.077889       6010
WC_BA  bucket  NY    91446    257763        90   1480769   1851331    2535551    1482692    2488899     0.074608       6896
WC_BA  bucket  NY    17306     51634        15    186120    285004     302110     194987     301938     0.002711       1806
WC_BA  bucket  NY    17306     51634        30    186120    285004     319216     191752     315930     0.003767       1872
WC_BA  bucket  NY    17306     51634        45    186120    285004     336323     189640     327679     0.003470       2006
WC_BA  bucket  NY    17306     51634        60    186120    285004     353429     187816     345154     0.004191       2084
WC_BA  bucket  NY    17306     51634        75    186120    285004     370536     186740     364770     0.005880       2209
WC_BA  bucket  NY    17306     51634        90    186120    285004     387642     186740     364770     0.004917       2342
WC_BA  bucket  NY   240027    187169        15    296891    342666     365230     305052     363493     0.002749       1781
WC_BA  bucket  NY   240027    187169        30    296891    342666     387794     301404     387668     0.002836       1949
WC_BA  bucket  NY   240027    187169        45    296891    342666     410358     300018     406692     0.005733       2089
WC_BA  bucket  NY   240027    187169        60    296891    342666     432922     300018     406692     0.005798       2265
WC_BA  bucket  NY   240027    187169        75    296891    342666     455486     299765     443043     0.007549       2440
WC_BA  bucket  NY   240027    187169        90    296891    342666     478050     299702     476730     0.005671       2616
WC_BA  bucket  NY    87928      5867        15   1222711   1434847    1562881    1268899    1562174     0.076102       3044
WC_BA  bucket  NY    87928      5867        30   1222711   1434847    1690915    1245919    1686923     0.090615       4812
WC_BA  bucket  NY    87928      5867        45   1222711   1434847    1818949    1238866    1797128     0.071928       5759
WC_BA  bucket  NY    87928      5867        60   1222711   1434847    1946983    1228544    1928856     0.073146       5869
WC_BA  bucket  NY    87928      5867        75   1222711   1434847    2075017    1224734    2066609     0.070163       6557
WC_BA  bucket  NY    87928      5867        90   1222711   1434847    2203051    1222811    2189286     0.070747       7538
WC_BA  bucket  NY    65851     96122        15    579489    912128     975481     635229     971728     0.016993       2466
WC_BA  bucket  NY    65851     96122        30    579489    912128    1038835     625957    1037965     0.018127       2936
WC_BA  bucket  NY    65851     96122        45    579489    912128    1102189     613646    1102093     0.022816       3369
WC_BA  bucket  NY    65851     96122        60    579489    912128    1165543     608109    1156240     0.027150       3739
WC_BA  bucket  NY    65851     96122        75    579489    912128    1228897     592513    1228490     0.033593       4234
WC_BA  bucket  NY    65851     96122        90    579489    912128    1292251     580486    1289575     0.031903       4531
WC_BA  bucket  NY     4131    190405        15    463505    544700     604668     484220     604426     0.019407       2271
WC_BA  bucket  NY     4131    190405        30    463505    544700     664636     477778     660539     0.021097       2739
WC_BA  bucket  NY     4131    190405        45    463505    544700     724605     471535     724050     0.024531       3166
WC_BA  bucket  NY     4131    190405        60    463505    544700     784573     468487     784187     0.022491       3632
WC_BA  bucket  NY     4131    190405        75    463505    544700     844541     466463     843610     0.023026       3904
WC_BA  bucket  NY     4131    190405        90    463505    544700     904510     464697     853990     0.033811       4356
WC_BA  bucket  NY   230143    129092        15    613334    632228     688460     623988     681076     0.010179          0
WC_BA  bucket  NY   230143    129092        30    613334    632228     744693     623988     681076     0.017070       2498
WC_BA  bucket  NY   230143    129092        45    613334    632228     800926     623988     681076     0.019184       2937
WC_BA  bucket  NY   230143    129092        60    613334    632228     857159     622293     856738     0.022731       3363
WC_BA  bucket  NY   230143    129092        75    613334    632228     913391     619899     898374     0.026779       3784
WC_BA  bucket  NY   230143    129092        90    613334    632228     969624     615728     965477     0.029246       4190
WC_BA  bucket  NY   155083    173239        15    271090    450269     483833     290519     479010     0.005209       2033
WC_BA  bucket  NY   155083    173239        30    271090    450269     517397     280779     516796     0.005473       2275
WC_BA  bucket  NY   155083    173239        45    271090    450269     550961     275790     546862     0.005123       2362
WC_BA  bucket  NY   155083    173239        60    271090    450269     584525     274372     561232     0.006343       2610
WC_BA  bucket  NY   155083    173239        75    271090    450269     618089     273613     613620     0.006590       2866
WC_BA  bucket  NY   155083    173239        90    271090    450269     651653     273613     613620     0.006735       3129
WC_BA  bucket  NY    90895    100894        15    468742    766767     771325     469015     770757     0.007629       1573
WC_BA  bucket  NY    90895    100894        30    468742    766767     775883     469015     770757     0.007580       1609
WC_BA  bucket  NY    90895    100894        45    468742    766767     780442     469015     770757     0.007639       1645
WC_BA  bucket  NY    90895    100894        60    468742    766767     785000     469015     770757     0.007778       1680
WC_BA  bucket  NY    90895    100894        75    468742    766767     789558     469015     770757     0.007915       1716
WC_BA  bucket  NY    90895    100894        90    468742    766767     794117     469015     770757     0.008057       1751
WC_BA  bucket  NY   251254    259976        15    244253    338704     368611     256106     363679     0.003135       1862
WC_BA  bucket  NY   251254    259976        30    244253    338704     398518     247694     394691     0.003771       2041
WC_BA  bucket  NY   251254    259976        45    244253    338704     428425     247256     427504     0.004194       2260
WC_BA  bucket  NY   251254    259976        60    244253    338704     458333     246737     437933     0.003779       2490
WC_BA  bucket  NY   251254    259976        75    244253    338704     488240     246737     437933     0.004716       2723
WC_BA  bucket  NY   251254    259976        90    244253    338704     518147     245180     503149     0.006956       2945
WC_BA  bucket  NY    73933    162158        15    730629   1139345    1196807     802774    1196322     0.028331       2706
WC_BA  bucket  NY    73933    162158        30    730629   1139345    1254269     773283    1253791     0.036555       3110
WC_BA  bucket  NY    73933    162158        45    730629   1139345    1311731     749938    1309857     0.044074       3556
WC_BA  bucket  NY    73933    162158        60    730629   1139345    1369193     738423    1367646     0.043007       3876
WC_BA  bucket  NY    73933    162158        75    730629   1139345    1426655     732542    1424106     0.041385       3985
WC_BA  bucket  NY    73933    162158        90    730629   1139345    1484117     731394    1479874     0.049648       4243
WC_BA  bucket  NY   149283     11562        15    443659    678181     721594     514159     720252     0.019204       2422
WC_BA  bucket  NY   149283     11562        30    443659    678181     765008     476471     764959     0.019453       2501
WC_BA  bucket  NY   149283     11562        45    443659    678181     808421     458194     807545     0.023644       2771
WC_BA  bucket  NY   149283     11562        60    443659    678181     851835     452791     851610     0.029826       2989
WC_BA  bucket  NY   149283     11562        75    443659    678181     895249     450364     891945     0.029949       3328
WC_BA  bucket  NY   149283     11562        90    443659    678181     938662     445921     938204     0.026860       3598
WC_BA  bucket  NY   102600     42208        15    278942    454694     469549     327699     469162     0.005789       2033
WC_BA  bucket  NY   102600     42208        30    278942    454694     484404     327411     477302     0.006387       2147
WC_BA  bucket  NY   102600     42208        45    278942    454694     499259     323548     495222     0.006256       2232
WC_BA  bucket  NY   102600     42208        60    278942    454694     514114     295240     511343     0.006338       2128
WC_BA  bucket  NY   102600     42208        75    278942    454694     528969     285433     528122     0.007921       2169
WC_BA  bucket  NY   102600     42208        90    278942    454694     543824     282638     543078     0.008418       2261
WC_BA  bucket  NY   146657    231496        15    600561    817628     852843     695858     851944     0.030858       2570
WC_BA  bucket  NY   146657    231496        30    600561    817628     888059     675983     888059     0.031522       2685
WC_BA  bucket  NY   146657    231496        45    600561    817628     923275     619726     921137     0.030106       2893
WC_BA  bucket  NY   146657    231496        60    600561    817628     958491     608223     958298     0.029161       3142
WC_BA  bucket  NY   146657    231496        75    600561    817628     993707     604724     993229     0.031983       3395
WC_BA  bucket  NY   146657    231496        90    600561    817628    1028922     602626    1026436     0.031879       3208
WC_BA  bucket  NY    21679    250728        15    318884    486019     494989     329415     494592     0.008022       1688
WC_BA  bucket  NY    21679    250728        30    318884    486019     503960     322230     501387     0.008659       1702
WC_BA  bucket  NY    21679    250728        45    318884    486019     512931     322230     501387     0.011732       1772
WC_BA  bucket  NY    21679    250728        60    318884    486019     521902     319933     521526     0.011746       1828
WC_BA  bucket  NY    21679    250728        75    318884    486019     530873     319059     522349     0.010319       1887
WC_BA  bucket  NY    21679    250728        90    318884    486019     539844     319059     522349     0.009467       1958
WC_BA  bucket  NY   188270    172012        15    442551    686958     719728     462344     719491     0.010659       1956
WC_BA  bucket  NY   188270    172012        30    442551    686958     752499     455713     752020     0.014208       2212
WC_BA  bucket  NY   188270    172012        45    442551    686958     785270     448648     783977     0.017243       2401
WC_BA  bucket  NY   188270    172012        60    442551    686958     818041     446703     816058     0.014441       2652
WC_BA  bucket  NY   188270    172012        75    442551    686958     850812     444911     850470     0.015232       2836
WC_BA  bucket  NY   188270    172012        90    442551    686958     883582     443973     874593     0.019888       3083
WC_BA  bucket  NY   133803     56687        15    194655    303441     321919     199567     320657     0.002843       1719
WC_BA  bucket  NY   133803     56687        30    194655    303441     340397     198854     338355     0.003975       1857
WC_BA  bucket  NY   133803     56687        45    194655    303441     358875     198693     358318     0.004740       2000
WC_BA  bucket  NY   133803     56687        60    194655    303441     377353     196345     376423     0.003403       2126
WC_BA  bucket  NY   133803     56687        75    194655    303441     395832     195730     382989     0.005934       2266
WC_BA  bucket  NY   133803     56687        90    194655    303441     414310     194917     410628     0.004562       2404
WC_BA  bucket  NY   259150    202115        15    628302    697380     741207     638034     733589     0.009506       1991
WC_BA  bucket  NY   259150    202115        30    628302    697380     785035     632077     775463     0.010745       2333
WC_BA  bucket  NY   259150    202115        45    628302    697380     828863     629470     814514     0.015802       2572
WC_BA  bucket  NY   259150    202115        60    628302    697380     872691     629178     856861     0.019584       2912
WC_BA  bucket  NY   259150    202115        75    628302    697380     916519     629178     856861     0.025446       3255
WC_BA  bucket  NY   259150    202115        90    628302    697380     960347     629178     856861     0.022103       3597
WC_BA  bucket  NY    34428    200324        15    516992    737596     748283     557521     747184     0.023282       1943
WC_BA  bucket  NY    34428    200324        30    516992    737596     758971     529733     758274     0.019766       1810
WC_BA  bucket  NY    34428    200324        45    516992    737596     769659     519815     767289     0.019706       1825
WC_BA  bucket  NY    34428    200324        60    516992    737596     780347     518304     773927     0.019169       1900
WC_BA  bucket  NY    34428    200324        75    516992    737596     791035     517513     789206     0.021808       1957
WC_BA  bucket  NY    34428    200324        90    516992    737596     801723     517513     789206     0.021603       2041
WC_BA  bucket  NY   157011    140216        15    371905    521692     567017     461191     566646     0.016806       2593
WC_BA  bucket  NY   157011    140216        30    371905    521692     612342     394068     604529     0.015236       2424
WC_BA  bucket  NY   157011    140216        45    371905    521692     657667     387476     656950     0.020161       2778
WC_BA  bucket  NY   157011    140216        60    371905    521692     702992     385410     687177     0.024287       3058
WC_BA  bucket  NY   157011    140216        75    371905    521692     748318     379548     738301     0.021416       3409
WC_BA  bucket  NY   157011    140216        90    371905    521692     793643     374707     793128     0.021597       3682
WC_BA  bucket  NY   177463     31267        15    769861   1061715    1100040     792333    1099841     0.024603       2123
WC_BA  bucket  NY   177463     31267        30    769861   1061715    1138365     784554    1130497     0.029421       2418
WC_BA  bucket  NY   177463     31267        45    769861   1061715    1176691     778646    1170430     0.030600       2543
WC_BA  bucket  NY   177463     31267        60    769861   1061715    1215016     771965    1198283     0.038017       2762
WC_BA  bucket  NY   177463     31267        75    769861   1061715    1253342     771233    1242146     0.035587       3043
WC_BA  bucket  NY   177463     31267        90    769861   1061715    1291667     770542    1290765     0.042852       3343
WC_BA  bucket  NY   144969     52616        15    214057    427751     436973     243182     436897     0.006179       1836
WC_BA  bucket  NY   144969     52616        30    214057    427751     446195     241361     444549     0.007464       1898
WC_BA  bucket  NY   144969     52616        45    214057    427751     455418     223893     455107     0.009060       1946
WC_BA  bucket  NY   144969     52616        60    214057    427751     464640     219931     463008     0.008785       1915
WC_BA  bucket  NY   144969     52616        75    214057    427751     473863     217888     473850     0.009122       1936
WC_BA  bucket  NY   144969     52616        90    214057    427751     483085     214269     483032     0.008767       1974
WC_BA  bucket  NY   250377     41643        15    429623    504437     512809     437424     511232     0.009727       1662
WC_BA  bucket  NY   250377     41643        30    429623    504437     521182     433822     519903     0.010100       1699
WC_BA  bucket  NY   250377     41643        45    429623    504437     529555     433822     519903     0.007887       1765
WC_BA  bucket  NY   250377     41643        60    429623    504437     537928     433822     519903     0.008595       1830
WC_BA  bucket  NY   250377     41643        75    429623    504437     546301     433822     519903     0.008836       1896
WC_BA  bucket  NY   250377     41643        90    429623    504437     554674     431935     554673     0.012655       1946
