alg       queue  map  start_id  goal_id  constraint  min_cost1  min_cost2  budget  sol_cost1  sol_cost2  runtime(s)  search_malloc(KB)
WC_EBBA  bucket  NW  1089970    593567        15   7366593   8969632    9266978    7737739    9266633     0.480395      26552
WC_EBBA  bucket  NW  1089970    593567        30   7366593   8969632    9564325    7660473    9563695     0.796929      33567
WC_EBBA  bucket  NW  1089970    593567        45   7366593   8969632    9861672    7652685    9861213     1.405982      87470
WC_EBBA  bucket  NW  1089970    593567        60   7366593   8969632   10159019    7492658   10158658     2.674469     301176
WC_EBBA  bucket  NW  1089970    593567        75   7366593   8969632   10456366    7379651   10456281     0.259238       4165
WC_EBBA  bucket  NW  1089970    593567        90   7366593   8969632   10753713    7370180   10753120     0.237903       3297
WC_EBBA  bucket  NW   184610   1152102        15   6199575   8094633    8227042    6238335    8226809     0.131361       3045
WC_EBBA  bucket  NW   184610   1152102        30   6199575   8094633    8359451    6231782    8335182     0.158848       3292
WC_EBBA  bucket  NW   184610   1152102        45   6199575   8094633    8491861    6219507    8479784     0.153293       2153
WC_EBBA  bucket  NW   184610   1152102        60   6199575   8094633    8624270    6206565    8623505     0.135275       2724
WC_EBBA  bucket  NW   184610   1152102        75   6199575   8094633    8756679    6202834    8756095     0.131975       1188
WC_EBBA  bucket  NW   184610   1152102        90   6199575   8094633    8889089    6200065    8883294     0.125197        819
WC_EBBA  bucket  NW   507559    359526        15   4832006   7824129    8236696    6415983    8235816     0.168024      14878
WC_EBBA  bucket  NW   507559    359526        30   4832006   7824129    8649263    5400229    8601650     0.133259       6330
WC_EBBA  bucket  NW   507559    359526        45   4832006   7824129    9061831    5068937    9050019     0.158778       9184
WC_EBBA  bucket  NW   507559    359526        60   4832006   7824129    9474398    4893317    9472897     0.151937       5374
WC_EBBA  bucket  NW   507559    359526        75   4832006   7824129    9886965    4839434    9817771     0.136612       1019
WC_EBBA  bucket  NW   507559    359526        90   4832006   7824129   10299533    4834489   10028412     0.134927        806
WC_EBBA  bucket  NW   904244    516243        15   3644237   4374213    4422857    3678854    4406413     0.017746          0
WC_EBBA  bucket  NW   904244    516243        30   3644237   4374213    4471501    3678854    4406413     0.019275          0
WC_EBBA  bucket  NW   904244    516243        45   3644237   4374213    4520145    3678854    4406413     0.017999       1309
WC_EBBA  bucket  NW   904244    516243        60   3644237   4374213    4568789    3652883    4558677     0.017180        903
WC_EBBA  bucket  NW   904244    516243        75   3644237   4374213    4617433    3652883    4558677     0.017665        903
WC_EBBA  bucket  NW   904244    516243        90   3644237   4374213    4666077    3652883    4558677     0.017329        903
WC_EBBA  bucket  NW    67936    938956        15   5377929   6538542    7009873    6020254    7006668     0.103628       6944
WC_EBBA  bucket  NW    67936    938956        30   5377929   6538542    7481205    5661554    7477158     0.118291       3898
WC_EBBA  bucket  NW    67936    938956        45   5377929   6538542    7952536    5626779    7951774     0.148884      22536
WC_EBBA  bucket  NW    67936    938956        60   5377929   6538542    8423868    5607419    8421182     0.092840       4572
WC_EBBA  bucket  NW    67936    938956        75   5377929   6538542    8895200    5398140    8892985     0.105838       2011
WC_EBBA  bucket  NW    67936    938956        90   5377929   6538542    9366531    5381038    9366254     0.084865       1632
WC_EBBA  bucket  NW  1137391    451342        15   4014156   5294397    5791089    4312397    5790512     0.177670       4586
WC_EBBA  bucket  NW  1137391    451342        30   4014156   5294397    6287782    4223874    6283938     0.215584       3865
WC_EBBA  bucket  NW  1137391    451342        45   4014156   5294397    6784475    4195638    6783207     0.191825       3931
WC_EBBA  bucket  NW  1137391    451342        60   4014156   5294397    7281168    4066929    7279979     0.163081       3127
WC_EBBA  bucket  NW  1137391    451342        75   4014156   5294397    7777861    4026535    7775713     0.130657       1786
WC_EBBA  bucket  NW  1137391    451342        90   4014156   5294397    8274554    4017148    8086623     0.124481        814
WC_EBBA  bucket  NW   513282    593240        15   5953110   8014971    8543167    6359030    8542788     0.556132      70928
WC_EBBA  bucket  NW   513282    593240        30   5953110   8014971    9071363    6059130    9070925     1.032964      97191
WC_EBBA  bucket  NW   513282    593240        45   5953110   8014971    9599559    6023379    9599294     0.625510      86725
WC_EBBA  bucket  NW   513282    593240        60   5953110   8014971   10127755    6011027   10126720     0.538127      67164
WC_EBBA  bucket  NW   513282    593240        75   5953110   8014971   10655952    5971096   10655803     0.206507      13984
WC_EBBA  bucket  NW   513282    593240        90   5953110   8014971   11184148    5953397   11181699     0.156009       1375
WC_EBBA  bucket  NW   721517    319140        15   6566994   8594628    8982711    6936824    8982044     0.258001       7842
WC_EBBA  bucket  NW   721517    319140        30   6566994   8594628    9370794    6932746    9182357     0.264411          0
WC_EBBA  bucket  NW   721517    319140        45   6566994   8594628    9758877    6932746    9182357     0.227295       7251
WC_EBBA  bucket  NW   721517    319140        60   6566994   8594628   10146960    6924894   10145546     0.196348       6362
WC_EBBA  bucket  NW   721517    319140        75   6566994   8594628   10535043    6704043   10534482     0.211833       4522
WC_EBBA  bucket  NW   721517    319140        90   6566994   8594628   10923126    6571884   10921822     0.182237       1033
WC_EBBA  bucket  NW    44226    934742        15   7492985   8299242    8879146    7747124    8878692     0.269568       6662
WC_EBBA  bucket  NW    44226    934742        30   7492985   8299242    9459050    7602388    9458815     0.418046      16964
WC_EBBA  bucket  NW    44226    934742        45   7492985   8299242   10038954    7579833   10038362     0.334293      14496
WC_EBBA  bucket  NW    44226    934742        60   7492985   8299242   10618858    7548284   10616415     0.274100      11699
WC_EBBA  bucket  NW    44226    934742        75   7492985   8299242   11198762    7501088   11198140     0.158333       1788
WC_EBBA  bucket  NW    44226    934742        90   7492985   8299242   11778666    7500061   11252824     0.106479       1646
WC_EBBA  bucket  NW   108185    477743        15   5805159   6882736    7387497    6265971    7386753     0.162584       7751
WC_EBBA  bucket  NW   108185    477743        30   5805159   6882736    7892258    6249528    7892131     0.136331       4488
WC_EBBA  bucket  NW   108185    477743        45   5805159   6882736    8397020    6247857    8365286     0.148397       8453
WC_EBBA  bucket  NW   108185    477743        60   5805159   6882736    8901781    5881663    8875786     0.098643       1991
WC_EBBA  bucket  NW   108185    477743        75   5805159   6882736    9406543    5845094    9406069     0.099318       1849
WC_EBBA  bucket  NW   108185    477743        90   5805159   6882736    9911304    5837122    9571002     0.093376       1267
WC_EBBA  bucket  NW  1028728    322281        15   3989244   5208479    5276438    4025346    5248195     0.018038          0
WC_EBBA  bucket  NW  1028728    322281        30   3989244   5208479    5344398    4024901    5343768     0.018766          0
WC_EBBA  bucket  NW  1028728    322281        45   3989244   5208479    5412357    4024901    5343768     0.021192       1325
WC_EBBA  bucket  NW  1028728    322281        60   3989244   5208479    5480317    3997192    5479836     0.020319       1325
WC_EBBA  bucket  NW  1028728    322281        75   3989244   5208479    5548277    3997187    5482590     0.020711       1325
WC_EBBA  bucket  NW  1028728    322281        90   3989244   5208479    5616236    3989689    5565970     0.018472        775
WC_EBBA  bucket  NW   339429    709878        15   6081411   7858142    8428260    6397472    8423929     0.249271       6021
WC_EBBA  bucket  NW   339429    709878        30   6081411   7858142    8998379    6372701    8978336     0.261054       3873
WC_EBBA  bucket  NW   339429    709878        45   6081411   7858142    9568498    6372701    8978336     0.395436       6855
WC_EBBA  bucket  NW   339429    709878        60   6081411   7858142   10138617    6282759   10137592     0.409359       7500
WC_EBBA  bucket  NW   339429    709878        75   6081411   7858142   10708736    6134118   10707995     0.258362       6058
WC_EBBA  bucket  NW   339429    709878        90   6081411   7858142   11278854    6096596   11268240     0.198148       2709
WC_EBBA  bucket  NW   544980    304247        15   3732043   3846907    4024445    3764222    3992686     0.040189       1060
WC_EBBA  bucket  NW   544980    304247        30   3732043   3846907    4201984    3748664    4177736     0.052816       1115
WC_EBBA  bucket  NW   544980    304247        45   3732043   3846907    4379523    3745024    4374023     0.037671        975
WC_EBBA  bucket  NW   544980    304247        60   3732043   3846907    4557062    3740129    4467429     0.035989        894
WC_EBBA  bucket  NW   544980    304247        75   3732043   3846907    4734601    3740129    4467429     0.036699        894
WC_EBBA  bucket  NW   544980    304247        90   3732043   3846907    4912140    3740008    4909103     0.035852        894
WC_EBBA  bucket  NW    79391    280894        15   9004336  11974354   12770839    9731855   12770226     0.306884       9322
WC_EBBA  bucket  NW    79391    280894        30   9004336  11974354   13567324    9447987   13566497     0.753041      22910
WC_EBBA  bucket  NW    79391    280894        45   9004336  11974354   14363810    9198928   14363143     0.988037      56791
WC_EBBA  bucket  NW    79391    280894        60   9004336  11974354   15160295    9110102   15153499     0.539832       9350
WC_EBBA  bucket  NW    79391    280894        75   9004336  11974354   15956781    9054031   15956111     0.311179       8723
WC_EBBA  bucket  NW    79391    280894        90   9004336  11974354   16753266    9025312   16751844     0.239444       3047
WC_EBBA  bucket  NW   386289    539621        15   1281356   2270534    2355252    1372303    2346660     0.024242       1479
WC_EBBA  bucket  NW   386289    539621        30   1281356   2270534    2439971    1372192    2400371     0.028642          0
WC_EBBA  bucket  NW   386289    539621        45   1281356   2270534    2524689    1317804    2524195     0.029195       1339
WC_EBBA  bucket  NW   386289    539621        60   1281356   2270534    2609408    1309275    2607566     0.029597       1204
WC_EBBA  bucket  NW   386289    539621        75   1281356   2270534    2694126    1301511    2694121     0.029118       1138
WC_EBBA  bucket  NW   386289    539621        90   1281356   2270534    2778845    1287479    2777545     0.026453        863
WC_EBBA  bucket  NW   325465    276247        15   1566299   2867805    2915992    1609427    2912993     0.007557       1153
WC_EBBA  bucket  NW   325465    276247        30   1566299   2867805    2964180    1604344    2963398     0.008411       1161
WC_EBBA  bucket  NW   325465    276247        45   1566299   2867805    3012368    1600618    3008220     0.008581       1509
WC_EBBA  bucket  NW   325465    276247        60   1566299   2867805    3060556    1580562    3049790     0.008332       1279
WC_EBBA  bucket  NW   325465    276247        75   1566299   2867805    3108744    1575108    3093831     0.007960        905
WC_EBBA  bucket  NW   325465    276247        90   1566299   2867805    3156932    1570025    3144236     0.007866        826
WC_EBBA  bucket  NW   206473    568195        15   5233403   7238076    7815761    5676633    7815622     0.133488      12453
WC_EBBA  bucket  NW   206473    568195        30   5233403   7238076    8393447    5556392    8387982     0.269157      33316
WC_EBBA  bucket  NW   206473    568195        45   5233403   7238076    8971133    5368445    8970318     0.143414       6969
WC_EBBA  bucket  NW   206473    568195        60   5233403   7238076    9548819    5337982    9302361     0.132929       3938
WC_EBBA  bucket  NW   206473    568195        75   5233403   7238076   10126505    5274590   10124404     0.071750       2402
WC_EBBA  bucket  NW   206473    568195        90   5233403   7238076   10704191    5241010   10688714     0.054251        887
WC_EBBA  bucket  NW   405704    624110        15   4934753   6901478    7159587    5721574    7159085     0.250870       8596
WC_EBBA  bucket  NW   405704    624110        30   4934753   6901478    7417697    5558680    7417370     0.213168       7261
WC_EBBA  bucket  NW   405704    624110        45   4934753   6901478    7675806    5527563    7674121     0.160750      10233
WC_EBBA  bucket  NW   405704    624110        60   4934753   6901478    7933916    5503648    7931565     0.198999      10670
WC_EBBA  bucket  NW   405704    624110        75   4934753   6901478    8192025    4987311    8152736     0.113752       1589
WC_EBBA  bucket  NW   405704    624110        90   4934753   6901478    8450135    4953982    8440868     0.119085       1068
WC_EBBA  bucket  NW   713569    582019        15   2538381   3415196    3664080    2717011    3628946     0.030644       2167
WC_EBBA  bucket  NW   713569    582019        30   2538381   3415196    3912965    2716560    3804788     0.048024          0
WC_EBBA  bucket  NW   713569    582019        45   2538381   3415196    4161849    2716560    3804788     0.035812       3552
WC_EBBA  bucket  NW   713569    582019        60   2538381   3415196    4410734    2624453    4402887     0.036929       2476
WC_EBBA  bucket  NW   713569    582019        75   2538381   3415196    4659619    2594623    4652752     0.031672       1982
WC_EBBA  bucket  NW   713569    582019        90   2538381   3415196    4908503    2550695    4908409     0.029082       1472
WC_EBBA  bucket  NW  1066082    248437        15   5786604   9182981    9515870    6190412    9509811     0.057470       4451
WC_EBBA  bucket  NW  1066082    248437        30   5786604   9182981    9848759    5941859    9848222     0.071601       4076
WC_EBBA  bucket  NW  1066082    248437        45   5786604   9182981   10181648    5856095   10176231     0.089886       2486
WC_EBBA  bucket  NW  1066082    248437        60   5786604   9182981   10514537    5831635   10513795     0.091328       1482
WC_EBBA  bucket  NW  1066082    248437        75   5786604   9182981   10847426    5800677   10845460     0.068831       1386
WC_EBBA  bucket  NW  1066082    248437        90   5786604   9182981   11180315    5790465   11168254     0.065084       1095
WC_EBBA  bucket  NW   440572    646414        15   7349607   8809003    9644475    7985374    9644112     0.720391      15584
WC_EBBA  bucket  NW   440572    646414        30   7349607   8809003   10479948    7771959   10479557     1.539598      29899
WC_EBBA  bucket  NW   440572    646414        45   7349607   8809003   11315421    7675182   11314476     2.093925     165279
WC_EBBA  bucket  NW   440572    646414        60   7349607   8809003   12150894    7577331   12150718     1.000859      16093
WC_EBBA  bucket  NW   440572    646414        75   7349607   8809003   12986367    7423392   12984898     0.471396       8376
WC_EBBA  bucket  NW   440572    646414        90   7349607   8809003   13821840    7371189   13812447     0.216097       4285
WC_EBBA  bucket  NW   324434    447720        15   3063591   4583090    4691725    3171013    4691180     0.013223       1610
WC_EBBA  bucket  NW   324434    447720        30   3063591   4583090    4800360    3111716    4798843     0.014137       1147
WC_EBBA  bucket  NW   324434    447720        45   3063591   4583090    4908996    3111270    4896081     0.014842       1513
WC_EBBA  bucket  NW   324434    447720        60   3063591   4583090    5017631    3096995    5016214     0.014561       1513
WC_EBBA  bucket  NW   324434    447720        75   3063591   4583090    5126267    3068536    5096685     0.013667        845
WC_EBBA  bucket  NW   324434    447720        90   3063591   4583090    5234902    3064036    5211753     0.011903        775
WC_EBBA  bucket  NW  1131107   1093368        15   3716316   3910984    4081096    3748495    4007250     0.046491       1060
WC_EBBA  bucket  NW  1131107   1093368        30   3716316   3910984    4251208    3729961    4250963     0.057993       1126
WC_EBBA  bucket  NW  1131107   1093368        45   3716316   3910984    4421320    3729583    4257097     0.042519        975
WC_EBBA  bucket  NW  1131107   1093368        60   3716316   3910984    4591432    3724402    4481993     0.039497        894
WC_EBBA  bucket  NW  1131107   1093368        75   3716316   3910984    4761544    3724402    4481993     0.040757        894
WC_EBBA  bucket  NW  1131107   1093368        90   3716316   3910984    4931656    3724402    4481993     0.039118        894
WC_EBBA  bucket  NW   956956     19132        15   4034716   5808899    6205183    4356834    6203095     0.039046       4730
WC_EBBA  bucket  NW   956956     19132        30   4034716   5808899    6601467    4288466    6600725     0.044203       4159
WC_EBBA  bucket  NW   956956     19132        45   4034716   5808899    6997751    4232553    6992896     0.034236       4134
WC_EBBA  bucket  NW   956956     19132        60   4034716   5808899    7394035    4218444    7360878     0.029814       3640
WC_EBBA  bucket  NW   956956     19132        75   4034716   5808899    7790319    4218283    7453374     0.031615       3636
WC_EBBA  bucket  NW   956956     19132        90   4034716   5808899    8186603    4063778    8185815     0.031937       1226
WC_EBBA  bucket  NW   922258   1114929        15   4114093   4337037    4685201    4138265    4684805     0.330474       9803
WC_EBBA  bucket  NW   922258   1114929        30   4114093   4337037    5033365    4128844    5033048     0.249019       9729
WC_EBBA  bucket  NW   922258   1114929        45   4114093   4337037    5381529    4123745    5376244     0.200037      16703
WC_EBBA  bucket  NW   922258   1114929        60   4114093   4337037    5729693    4121963    5681435     0.106066       2427
WC_EBBA  bucket  NW   922258   1114929        75   4114093   4337037    6077857    4119593    6077857     0.124634       4731
WC_EBBA  bucket  NW   922258   1114929        90   4114093   4337037    6426021    4115527    6414648     0.085234        790
WC_EBBA  bucket  NW   954759    981359        15   5051243   5576098    5807987    5206596    5807744     0.083081       2041
WC_EBBA  bucket  NW   954759    981359        30   5051243   5576098    6039877    5204823    6032683     0.100461       2033
WC_EBBA  bucket  NW   954759    981359        45   5051243   5576098    6271767    5203844    6267548     0.114833       3152
WC_EBBA  bucket  NW   954759    981359        60   5051243   5576098    6503657    5074141    6499546     0.098314       1566
WC_EBBA  bucket  NW   954759    981359        75   5051243   5576098    6735547    5061318    6690870     0.087640       1150
WC_EBBA  bucket  NW   954759    981359        90   5051243   5576098    6967437    5052222    6887166     0.079292        783
WC_EBBA  bucket  NW   712658    393907        15   4244374   4687072    5118972    4323607    5113553     0.157426       2735
WC_EBBA  bucket  NW   712658    393907        30   4244374   4687072    5550872    4318609    5353234     0.223455       4790
WC_EBBA  bucket  NW   712658    393907        45   4244374   4687072    5982772    4265455    5981529     0.165528       1886
WC_EBBA  bucket  NW   712658    393907        60   4244374   4687072    6414672    4254711    6404879     0.161170       3269
WC_EBBA  bucket  NW   712658    393907        75   4244374   4687072    6846572    4252244    6589710     0.100809        891
WC_EBBA  bucket  NW   712658    393907        90   4244374   4687072    7278472    4248825    7278355     0.100983        891
WC_EBBA  bucket  NW   729846   1105043        15   4415338   4940260    5282410    4445670    5281061     0.138371       2632
WC_EBBA  bucket  NW   729846   1105043        30   4415338   4940260    5624560    4437920    5613408     0.193298       5087
WC_EBBA  bucket  NW   729846   1105043        45   4415338   4940260    5966710    4429445    5965362     0.150780       1772
WC_EBBA  bucket  NW   729846   1105043        60   4415338   4940260    6308860    4423208    6244565     0.098749       2427
WC_EBBA  bucket  NW   729846   1105043        75   4415338   4940260    6651010    4423208    6244565     0.099951       4731
WC_EBBA  bucket  NW   729846   1105043        90   4415338   4940260    6993160    4421183    6993012     0.097076       4731
WC_EBBA  bucket  NW   583261    830325        15   2103657   3902380    4032893    2220005    4031078     0.007575       1881
WC_EBBA  bucket  NW   583261    830325        30   2103657   3902380    4163406    2195862    4159647     0.008958       1747
WC_EBBA  bucket  NW   583261    830325        45   2103657   3902380    4293920    2177844    4292968     0.008605       2086
WC_EBBA  bucket  NW   583261    830325        60   2103657   3902380    4424433    2169726    4400530     0.007332       1800
WC_EBBA  bucket  NW   583261    830325        75   2103657   3902380    4554946    2169726    4400530     0.007704       1800
WC_EBBA  bucket  NW   583261    830325        90   2103657   3902380    4685460    2108242    4684205     0.006562        902
WC_EBBA  bucket  NW  1140783    423136        15   6032232   7376048    7976552    6498807    7975372     0.127694       6566
WC_EBBA  bucket  NW  1140783    423136        30   6032232   7376048    8577056    6468309    8237439     0.149956       6776
WC_EBBA  bucket  NW  1140783    423136        45   6032232   7376048    9177560    6461233    9149884     0.166364       9875
WC_EBBA  bucket  NW  1140783    423136        60   6032232   7376048    9778064    6428712    9778038     0.157143       7364
WC_EBBA  bucket  NW  1140783    423136        75   6032232   7376048   10378568    6358664   10077935     0.155562       7162
WC_EBBA  bucket  NW  1140783    423136        90   6032232   7376048   10979072    6139704   10978765     0.179055       4563
WC_EBBA  bucket  NW   233560   1170176        15   3361221   3852168    4203470    3606394    4165999     0.063627       3123
WC_EBBA  bucket  NW   233560   1170176        30   3361221   3852168    4554772    3601747    4549653     0.085731       2680
WC_EBBA  bucket  NW   233560   1170176        45   3361221   3852168    4906074    3599960    4669555     0.062701       4498
WC_EBBA  bucket  NW   233560   1170176        60   3361221   3852168    5257376    3563594    5255006     0.067981       4219
WC_EBBA  bucket  NW   233560   1170176        75   3361221   3852168    5608678    3505975    5558100     0.058850       3371
WC_EBBA  bucket  NW   233560   1170176        90   3361221   3852168    5959980    3376435    5957233     0.053013       2390
WC_EBBA  bucket  NW   589340     90657        15   5923331   7570399    8088377    6102932    8087758     0.098447       3732
WC_EBBA  bucket  NW   589340     90657        30   5923331   7570399    8606355    6000301    8606101     0.113324       4101
WC_EBBA  bucket  NW   589340     90657        45   5923331   7570399    9124333    5962274    9031200     0.080950       3333
WC_EBBA  bucket  NW   589340     90657        60   5923331   7570399    9642311    5958889    9640513     0.075376       3903
WC_EBBA  bucket  NW   589340     90657        75   5923331   7570399   10160289    5930407   10111141     0.060960        878
WC_EBBA  bucket  NW   589340     90657        90   5923331   7570399   10678267    5929271   10677235     0.059579        878
WC_EBBA  bucket  NW  1027665    652804        15   1619969   2351593    2527073    1830865    2526272     0.011818       2664
WC_EBBA  bucket  NW  1027665    652804        30   1619969   2351593    2702554    1800005    2690523     0.015997       2527
WC_EBBA  bucket  NW  1027665    652804        45   1619969   2351593    2878035    1772280    2830080     0.016720       3610
WC_EBBA  bucket  NW  1027665    652804        60   1619969   2351593    3053516    1768271    2924697     0.012841       3085
WC_EBBA  bucket  NW  1027665    652804        75   1619969   2351593    3228997    1763422    3218920     0.012892       3034
WC_EBBA  bucket  NW  1027665    652804        90   1619969   2351593    3404477    1684781    3328107     0.008917       1782
WC_EBBA  bucket  NW  1141178    830555        15   5654178   7867192    8511393    6391159    8508260     0.368102      12441
WC_EBBA  bucket  NW  1141178    830555        30   5654178   7867192    9155595    6141059    9151073     0.634977      10142
WC_EBBA  bucket  NW  1141178    830555        45   5654178   7867192    9799797    5994276    9799671     0.721209      12977
WC_EBBA  bucket  NW  1141178    830555        60   5654178   7867192   10443999    5812292   10437832     0.398994       9056
WC_EBBA  bucket  NW  1141178    830555        75   5654178   7867192   11088201    5677614   11084506     0.158545       3937
WC_EBBA  bucket  NW  1141178    830555        90   5654178   7867192   11732403    5657130   11481706     0.132905        814
WC_EBBA  bucket  NW   514115    848539        15   5537483   7320830    7918516    5914339    7913854     0.169477       5714
WC_EBBA  bucket  NW   514115    848539        30   5537483   7320830    8516203    5655513    8499247     0.250566       5739
WC_EBBA  bucket  NW   514115    848539        45   5537483   7320830    9113890    5620468    9113741     0.276422      16564
WC_EBBA  bucket  NW   514115    848539        60   5537483   7320830    9711577    5601748    9690831     0.267432      27361
WC_EBBA  bucket  NW   514115    848539        75   5537483   7320830   10309264    5566506   10272852     0.187375      10200
WC_EBBA  bucket  NW   514115    848539        90   5537483   7320830   10906951    5541566   10832219     0.156361        872
WC_EBBA  bucket  NW   553651    392166        15   2858990   4168748    4269674    2902380    4251102     0.032634       1199
WC_EBBA  bucket  NW   553651    392166        30   2858990   4168748    4370601    2895807    4300915     0.035391       1148
WC_EBBA  bucket  NW   553651    392166        45   2858990   4168748    4471528    2894469    4394669     0.033630       1322
WC_EBBA  bucket  NW   553651    392166        60   2858990   4168748    4572455    2894469    4394669     0.033257       1322
WC_EBBA  bucket  NW   553651    392166        75   2858990   4168748    4673381    2871247    4672851     0.032894       1322
WC_EBBA  bucket  NW   553651    392166        90   2858990   4168748    4774308    2860328    4747839     0.030104        789
WC_EBBA  bucket  NW   797842    335831        15   5662277  10130038   10302750    5857285   10302624     0.111317       7468
WC_EBBA  bucket  NW   797842    335831        30   5662277  10130038   10475462    5771824   10471430     0.122965       4059
WC_EBBA  bucket  NW   797842    335831        45   5662277  10130038   10648174    5690180   10643782     0.163506       3799
WC_EBBA  bucket  NW   797842    335831        60   5662277  10130038   10820886    5687744   10694936     0.164866       3799
WC_EBBA  bucket  NW   797842    335831        75   5662277  10130038   10993598    5668818   10984153     0.153718       1101
WC_EBBA  bucket  NW   797842    335831        90   5662277  10130038   11166310    5666382   11035307     0.153086        832
WC_EBBA  bucket  NW    77181   1204557        15   3282637   5164816    5386993    3552942    5372271     0.036756       5258
WC_EBBA  bucket  NW    77181   1204557        30   3282637   5164816    5609170    3495338    5607514     0.042178       4788
WC_EBBA  bucket  NW    77181   1204557        45   3282637   5164816    5831347    3488183    5823555     0.049039       6849
WC_EBBA  bucket  NW    77181   1204557        60   3282637   5164816    6053525    3328189    6052393     0.039336       3446
WC_EBBA  bucket  NW    77181   1204557        75   3282637   5164816    6275702    3296812    6261932     0.030806       1523
WC_EBBA  bucket  NW    77181   1204557        90   3282637   5164816    6497879    3293365    6414641     0.030349        935
WC_EBBA  bucket  NW  1080282    649229        15   6700596   9513661   10155435    7586477   10154898     0.239863      14980
WC_EBBA  bucket  NW  1080282    649229        30   6700596   9513661   10797209    6855171   10795798     0.178718       7387
WC_EBBA  bucket  NW  1080282    649229        45   6700596   9513661   11438983    6809611   11435464     0.161017       4007
WC_EBBA  bucket  NW  1080282    649229        60   6700596   9513661   12080757    6809611   11435464     0.173030       6311
WC_EBBA  bucket  NW  1080282    649229        75   6700596   9513661   12722531    6809611   11435464     0.203687      19367
WC_EBBA  bucket  NW  1080282    649229        90   6700596   9513661   13364305    6723944   13363466     0.159070       4775
WC_EBBA  bucket  NW   253054    588198        15   5332278   7696764    7993827    5853270    7992438     0.109660       8056
WC_EBBA  bucket  NW   253054    588198        30   5332278   7696764    8290890    5633358    8290336     0.141682       7553
WC_EBBA  bucket  NW   253054    588198        45   5332278   7696764    8587953    5472043    8586906     0.141278       7505
WC_EBBA  bucket  NW   253054    588198        60   5332278   7696764    8885016    5413215    8884980     0.137469       7111
WC_EBBA  bucket  NW   253054    588198        75   5332278   7696764    9182079    5361877    9181481     0.113058       4056
WC_EBBA  bucket  NW   253054    588198        90   5332278   7696764    9479142    5334849    9451454     0.095326       1452
WC_EBBA  bucket  NW   811845    619437        15   5224166   6379302    6868846    5373673    6867430     0.155663       4568
WC_EBBA  bucket  NW   811845    619437        30   5224166   6379302    7358390    5364104    7333030     0.222170       4461
WC_EBBA  bucket  NW   811845    619437        45   5224166   6379302    7847934    5297007    7847160     0.236480       9051
WC_EBBA  bucket  NW   811845    619437        60   5224166   6379302    8337478    5280736    8290041     0.217061       8283
WC_EBBA  bucket  NW   811845    619437        75   5224166   6379302    8827022    5239584    8826904     0.138554       2360
WC_EBBA  bucket  NW   811845    619437        90   5224166   6379302    9316566    5227287    9309558     0.124778        897
WC_EBBA  bucket  NW   466164    149175        15   1577417   1975543    2091939    1612235    2090288     0.024153       1274
WC_EBBA  bucket  NW   466164    149175        30   1577417   1975543    2208336    1609768    2143009     0.030946       1255
WC_EBBA  bucket  NW   466164    149175        45   1577417   1975543    2324733    1587693    2323958     0.023325       1215
WC_EBBA  bucket  NW   466164    149175        60   1577417   1975543    2441129    1586782    2361792     0.023529       1164
WC_EBBA  bucket  NW   466164    149175        75   1577417   1975543    2557526    1579898    2556061     0.019383        877
WC_EBBA  bucket  NW   466164    149175        90   1577417   1975543    2673923    1579814    2570682     0.018147        805
WC_EBBA  bucket  NW   856578    649869        15   4804671   7513981    7950969    5061147    7937647     0.108794       2775
WC_EBBA  bucket  NW   856578    649869        30   4804671   7513981    8387958    4915201    8385781     0.158185       3773
WC_EBBA  bucket  NW   856578    649869        45   4804671   7513981    8824946    4854282    8824747     0.097945       2130
WC_EBBA  bucket  NW   856578    649869        60   4804671   7513981    9261935    4845494    9117844     0.088008       1406
WC_EBBA  bucket  NW   856578    649869        75   4804671   7513981    9698923    4845494    9117844     0.089413       1406
WC_EBBA  bucket  NW   856578    649869        90   4804671   7513981   10135912    4818767   10135876     0.091810       1406
WC_EBBA  bucket  NW   959127    744725        15   4466377   4506057    4555667    4469312    4553904     0.038696        821
WC_EBBA  bucket  NW   959127    744725        30   4466377   4506057    4605277    4467990    4603001     0.039272        805
WC_EBBA  bucket  NW   959127    744725        45   4466377   4506057    4654887    4466922    4649353     0.037595        826
WC_EBBA  bucket  NW   959127    744725        60   4466377   4506057    4704497    4466828    4660949     0.035109        775
WC_EBBA  bucket  NW   959127    744725        75   4466377   4506057    4754107    4466828    4660949     0.035689        775
WC_EBBA  bucket  NW   959127    744725        90   4466377   4506057    4803717    4466828    4660949     0.035488        775
WC_EBBA  bucket  NW   528758    540663        15   1293608   1717084    1775186    1331642    1767516     0.018764       1103
WC_EBBA  bucket  NW   528758    540663        30   1293608   1717084    1833289    1313193    1832871     0.022277        940
WC_EBBA  bucket  NW   528758    540663        45   1293608   1717084    1891391    1312353    1863629     0.020812       1061
WC_EBBA  bucket  NW   528758    540663        60   1293608   1717084    1949494    1306312    1948186     0.021830        988
WC_EBBA  bucket  NW   528758    540663        75   1293608   1717084    2007597    1304502    1990550     0.020688        938
WC_EBBA  bucket  NW   528758    540663        90   1293608   1717084    2065699    1295418    2062071     0.020345        835
WC_EBBA  bucket  NW   712357    828249        15   3000999   4480570    4702594    3296423    4693102     0.040996       3547
WC_EBBA  bucket  NW   712357    828249        30   3000999   4480570    4924619    3246524    4919127     0.053787       3242
WC_EBBA  bucket  NW   712357    828249        45   3000999   4480570    5146644    3160954    5144244     0.059277       3807
WC_EBBA  bucket  NW   712357    828249        60   3000999   4480570    5368669    3077252    5367519     0.038189       2037
WC_EBBA  bucket  NW   712357    828249        75   3000999   4480570    5590694    3059358    5577130     0.038144       1896
WC_EBBA  bucket  NW   712357    828249        90   3000999   4480570    5812719    3009459    5803155     0.037318       1473
WC_EBBA  bucket  NW  1181186     17722        15   6340248   8928291    9541219    6948138    9538173     0.231231       9900
WC_EBBA  bucket  NW  1181186     17722        30   6340248   8928291   10154147    6522857   10152900     0.324630      10512
WC_EBBA  bucket  NW  1181186     17722        45   6340248   8928291   10767076    6427664   10766708     0.367187      12032
WC_EBBA  bucket  NW  1181186     17722        60   6340248   8928291   11380004    6407754   11379882     0.267581      10312
WC_EBBA  bucket  NW  1181186     17722        75   6340248   8928291   11992932    6391240   11992596     0.214355       6319
WC_EBBA  bucket  NW  1181186     17722        90   6340248   8928291   12605861    6348174   12603318     0.142108       2911
WC_EBBA  bucket  NW   622137    258289        15   4130985   5801350    5952539    4195809    5950746     0.053473       2390
WC_EBBA  bucket  NW   622137    258289        30   4130985   5801350    6103729    4162965    6103165     0.062784       2445
WC_EBBA  bucket  NW   622137    258289        45   4130985   5801350    6254918    4155409    6252805     0.049947       1425
WC_EBBA  bucket  NW   622137    258289        60   4130985   5801350    6406108    4152730    6405718     0.051366       1425
WC_EBBA  bucket  NW   622137    258289        75   4130985   5801350    6557297    4134588    6556914     0.045025       1091
WC_EBBA  bucket  NW   622137    258289        90   4130985   5801350    6708487    4133875    6608460     0.042675        813
WC_EBBA  bucket  NW   486314   1120517        15    728248   1420970    1466868     883566    1446420     0.003007          0
WC_EBBA  bucket  NW   486314   1120517        30    728248   1420970    1512766     883566    1446420     0.003305          0
WC_EBBA  bucket  NW   486314   1120517        45    728248   1420970    1558664     876628    1524859     0.004262       3086
WC_EBBA  bucket  NW   486314   1120517        60    728248   1420970    1604562     876628    1524859     0.004456       3086
WC_EBBA  bucket  NW   486314   1120517        75    728248   1420970    1650460     876628    1524859     0.004337       3086
WC_EBBA  bucket  NW   486314   1120517        90    728248   1420970    1696358     876628    1524859     0.004378       3086
WC_EBBA  bucket  NW  1188800   1060548        15   5649996   7520496    7758274    6437366    7754562     0.112490       8474
WC_EBBA  bucket  NW  1188800   1060548        30   5649996   7520496    7996052    5935148    7994919     0.121772       6193
WC_EBBA  bucket  NW  1188800   1060548        45   5649996   7520496    8233830    5823647    8231999     0.168956       6193
WC_EBBA  bucket  NW  1188800   1060548        60   5649996   7520496    8471608    5734882    8467794     0.166465       3750
WC_EBBA  bucket  NW  1188800   1060548        75   5649996   7520496    8709387    5670895    8706393     0.116161       3141
WC_EBBA  bucket  NW  1188800   1060548        90   5649996   7520496    8947165    5652640    8943877     0.099871       1065
