alg       queue  map  start_id  goal_id  constraint  min_cost1  min_cost2  budget  sol_cost1  sol_cost2  runtime(s)  search_malloc(KB)
WC_EBBA  bucket  FLA   139599    783991        15   1670409   2122556    2159737    1741443    2158444     0.031281       1348
WC_EBBA  bucket  FLA   139599    783991        30   1670409   2122556    2196918    1690677    2194825     0.036350        958
WC_EBBA  bucket  FLA   139599    783991        45   1670409   2122556    2234100    1689737    2228642     0.042353       1080
WC_EBBA  bucket  FLA   139599    783991        60   1670409   2122556    2271281    1687237    2263714     0.042481       1080
WC_EBBA  bucket  FLA   139599    783991        75   1670409   2122556    2308463    1670682    2305284     0.030162        772
WC_EBBA  bucket  FLA   139599    783991        90   1670409   2122556    2345644    1670682    2305284     0.030649        772
WC_EBBA  bucket  FLA   741638    279445        15   6541060   7481895    7674376    6667324    7674065     0.218498       2034
WC_EBBA  bucket  FLA   741638    279445        30   6541060   7481895    7866857    6655488    7866782     0.259046       3673
WC_EBBA  bucket  FLA   741638    279445        45   6541060   7481895    8059339    6645240    8058729     0.691626      17286
WC_EBBA  bucket  FLA   741638    279445        60   6541060   7481895    8251820    6579736    8250796     0.379299      11518
WC_EBBA  bucket  FLA   741638    279445        75   6541060   7481895    8444301    6547145    8443344     0.240696       3303
WC_EBBA  bucket  FLA   741638    279445        90   6541060   7481895    8636783    6542518    8636699     0.206581        807
WC_EBBA  bucket  FLA   250409    131756        15   8165303   9157557    9621730    8344504    9617692     0.340193       6173
WC_EBBA  bucket  FLA   250409    131756        30   8165303   9157557   10085904    8240343   10085643     0.305841       4390
WC_EBBA  bucket  FLA   250409    131756        45   8165303   9157557   10550077    8238667   10537020     1.135815      51303
WC_EBBA  bucket  FLA   250409    131756        60   8165303   9157557   11014251    8238192   10702188     0.228167       1907
WC_EBBA  bucket  FLA   250409    131756        75   8165303   9157557   11478424    8179304   11469327     0.210120       3443
WC_EBBA  bucket  FLA   250409    131756        90   8165303   9157557   11942598    8166372   11907360     0.161774        784
WC_EBBA  bucket  FLA   956240     55495        15   1182920   1349647    1349647    1182920    1349647     0.007556          0
WC_EBBA  bucket  FLA   956240     55495        30   1182920   1349647    1349647    1182920    1349647     0.007343          0
WC_EBBA  bucket  FLA   956240     55495        45   1182920   1349647    1349647    1182920    1349647     0.007592          0
WC_EBBA  bucket  FLA   956240     55495        60   1182920   1349647    1349647    1182920    1349647     0.007500          0
WC_EBBA  bucket  FLA   956240     55495        75   1182920   1349647    1349647    1182920    1349647     0.007749          0
WC_EBBA  bucket  FLA   956240     55495        90   1182920   1349647    1349647    1182920    1349647     0.007505          0
WC_EBBA  bucket  FLA   914160    840940        15   6606826   7422899    7852342    6977367    7834499     0.166655       3688
WC_EBBA  bucket  FLA   914160    840940        30   6606826   7422899    8281785    6721485    8281074     0.292570      16296
WC_EBBA  bucket  FLA   914160    840940        45   6606826   7422899    8711229    6707269    8709625     0.164024       5412
WC_EBBA  bucket  FLA   914160    840940        60   6606826   7422899    9140672    6707029    8807499     0.185783      13085
WC_EBBA  bucket  FLA   914160    840940        75   6606826   7422899    9570116    6658099    9568887     0.177770       6941
WC_EBBA  bucket  FLA   914160    840940        90   6606826   7422899    9999559    6614100    9993864     0.132179        881
WC_EBBA  bucket  FLA   303539    611317        15   1433817   2284292    2330518    1452467    2327746     0.025723        985
WC_EBBA  bucket  FLA   303539    611317        30   1433817   2284292    2376745    1443688    2350756     0.029630       1062
WC_EBBA  bucket  FLA   303539    611317        45   1433817   2284292    2422971    1443688    2350756     0.033962        922
WC_EBBA  bucket  FLA   303539    611317        60   1433817   2284292    2469198    1434313    2459251     0.032907        775
WC_EBBA  bucket  FLA   303539    611317        75   1433817   2284292    2515424    1434282    2475435     0.033011        775
WC_EBBA  bucket  FLA   303539    611317        90   1433817   2284292    2561651    1434282    2475435     0.032277        775
WC_EBBA  bucket  FLA   912217    207648        15   4350432   4953477    5280681    4422493    5267329     0.043327       1458
WC_EBBA  bucket  FLA   912217    207648        30   4350432   4953477    5607885    4420514    5562517     0.057852       1316
WC_EBBA  bucket  FLA   912217    207648        45   4350432   4953477    5935089    4420463    5612512     0.034560       1862
WC_EBBA  bucket  FLA   912217    207648        60   4350432   4953477    6262293    4420463    5612512     0.034857       1862
WC_EBBA  bucket  FLA   912217    207648        75   4350432   4953477    6589497    4371855    6589028     0.036388       1696
WC_EBBA  bucket  FLA   912217    207648        90   4350432   4953477    6916701    4357706    6842847     0.030963        881
WC_EBBA  bucket  FLA   724946    722195        15    182192    209836     215155     182620     209836     0.000549          0
WC_EBBA  bucket  FLA   724946    722195        30    182192    209836     220474     182620     209836     0.000602          0
WC_EBBA  bucket  FLA   724946    722195        45    182192    209836     225793     182471     222146     0.000540        772
WC_EBBA  bucket  FLA   724946    722195        60    182192    209836     231113     182471     222146     0.000530        772
WC_EBBA  bucket  FLA   724946    722195        75    182192    209836     236432     182471     222146     0.000558        772
WC_EBBA  bucket  FLA   724946    722195        90    182192    209836     241751     182471     222146     0.000582        772
WC_EBBA  bucket  FLA   103592    986569        15   3726730   4003186    4164914    3743672    4144086     0.077492          0
WC_EBBA  bucket  FLA   103592    986569        30   3726730   4003186    4326643    3734740    4326235     0.099718       1032
WC_EBBA  bucket  FLA   103592    986569        45   3726730   4003186    4488371    3732776    4410627     0.061061        862
WC_EBBA  bucket  FLA   103592    986569        60   3726730   4003186    4650100    3732776    4410627     0.061573        862
WC_EBBA  bucket  FLA   103592    986569        75   3726730   4003186    4811828    3730107    4754815     0.057670        820
WC_EBBA  bucket  FLA   103592    986569        90   3726730   4003186    4973557    3727354    4970813     0.057946        820
WC_EBBA  bucket  FLA    81365    965027        15   3959847   4713852    4957892    4040130    4954916     0.162729       1632
WC_EBBA  bucket  FLA    81365    965027        30   3959847   4713852    5201933    4013182    5185459     0.189919       1225
WC_EBBA  bucket  FLA    81365    965027        45   3959847   4713852    5445973    4008025    5445270     0.150890       1555
WC_EBBA  bucket  FLA    81365    965027        60   3959847   4713852    5690014    4007994    5544313     0.163650       1520
WC_EBBA  bucket  FLA    81365    965027        75   3959847   4713852    5934054    3995975    5931554     0.166297       1520
WC_EBBA  bucket  FLA    81365    965027        90   3959847   4713852    6178095    3964926    6125816     0.152601        847
WC_EBBA  bucket  FLA   540025    360516        15   1571794   1960188    2027049    1692009    2026848     0.023405       2491
WC_EBBA  bucket  FLA   540025    360516        30   1571794   1960188    2093911    1580080    2093582     0.029928       2194
WC_EBBA  bucket  FLA   540025    360516        45   1571794   1960188    2160773    1577222    2157750     0.036287       2301
WC_EBBA  bucket  FLA   540025    360516        60   1571794   1960188    2227635    1576331    2197413     0.032474        941
WC_EBBA  bucket  FLA   540025    360516        75   1571794   1960188    2294496    1574175    2293951     0.027292        818
WC_EBBA  bucket  FLA   540025    360516        90   1571794   1960188    2361358    1573123    2329674     0.028453        788
WC_EBBA  bucket  FLA   783145    467923        15   3635695   4655356    4687434    3729268    4685775     0.050509       1610
WC_EBBA  bucket  FLA   783145    467923        30   3635695   4655356    4719513    3705324    4718835     0.052493       1434
WC_EBBA  bucket  FLA   783145    467923        45   3635695   4655356    4751591    3693547    4742063     0.063876       1826
WC_EBBA  bucket  FLA   783145    467923        60   3635695   4655356    4783670    3675188    4783046     0.065448       1401
WC_EBBA  bucket  FLA   783145    467923        75   3635695   4655356    4815748    3650282    4814309     0.066443       1378
WC_EBBA  bucket  FLA   783145    467923        90   3635695   4655356    4847827    3636116    4846767     0.055539        774
WC_EBBA  bucket  FLA   389337    204132        15   1851233   3012179    3086983    1900275    3084723     0.023347       1155
WC_EBBA  bucket  FLA   389337    204132        30   1851233   3012179    3161788    1900275    3084723     0.027717       1155
WC_EBBA  bucket  FLA   389337    204132        45   1851233   3012179    3236592    1899750    3185400     0.025422       1526
WC_EBBA  bucket  FLA   389337    204132        60   1851233   3012179    3311397    1899750    3185400     0.023002       1526
WC_EBBA  bucket  FLA   389337    204132        75   1851233   3012179    3386201    1899750    3185400     0.023232       1526
WC_EBBA  bucket  FLA   389337    204132        90   1851233   3012179    3461006    1855807    3459112     0.023480       1507
WC_EBBA  bucket  FLA   800862    210533        15   2260817   2901341    2921167    2267319    2920660     0.025824        863
WC_EBBA  bucket  FLA   800862    210533        30   2260817   2901341    2940993    2265045    2939896     0.027176        862
WC_EBBA  bucket  FLA   800862    210533        45   2260817   2901341    2960819    2264091    2958558     0.025475        832
WC_EBBA  bucket  FLA   800862    210533        60   2260817   2901341    2980646    2263430    2979706     0.025083        814
WC_EBBA  bucket  FLA   800862    210533        75   2260817   2901341    3000472    2262714    2988084     0.025338        807
WC_EBBA  bucket  FLA   800862    210533        90   2260817   2901341    3020298    2260917    3016793     0.025079        796
WC_EBBA  bucket  FLA   826652     73962        15   3900832   4426416    4874172    4074683    4832479     0.172658       2130
WC_EBBA  bucket  FLA   826652     73962        30   3900832   4426416    5321928    3922732    5313623     0.219007       1167
WC_EBBA  bucket  FLA   826652     73962        45   3900832   4426416    5769684    3921972    5421440     0.117818       1098
WC_EBBA  bucket  FLA   826652     73962        60   3900832   4426416    6217440    3921972    5421440     0.117921       1098
WC_EBBA  bucket  FLA   826652     73962        75   3900832   4426416    6665196    3921972    5421440     0.120752       1098
WC_EBBA  bucket  FLA   826652     73962        90   3900832   4426416    7112952    3907105    7111712     0.117660        929
WC_EBBA  bucket  FLA   754529    816906        15   3192152   4088536    4176790    3556098    4173870     0.085691       3867
WC_EBBA  bucket  FLA   754529    816906        30   3192152   4088536    4265045    3544187    4263041     0.108262       3992
WC_EBBA  bucket  FLA   754529    816906        45   3192152   4088536    4353299    3391203    4352424     0.214860       4957
WC_EBBA  bucket  FLA   754529    816906        60   3192152   4088536    4441554    3374695    4439612     0.242430       4957
WC_EBBA  bucket  FLA   754529    816906        75   3192152   4088536    4529809    3208701    4529397     0.092665       1085
WC_EBBA  bucket  FLA   754529    816906        90   3192152   4088536    4618063    3193976    4615300     0.087509        796
WC_EBBA  bucket  FLA   561735    210270        15   4364444   5214037    5296725    4404303    5286618     0.101111       1137
WC_EBBA  bucket  FLA   561735    210270        30   4364444   5214037    5379414    4391981    5369879     0.119802       1238
WC_EBBA  bucket  FLA   561735    210270        45   4364444   5214037    5462102    4378862    5452115     0.159537       1247
WC_EBBA  bucket  FLA   561735    210270        60   4364444   5214037    5544791    4369604    5543018     0.163776       1188
WC_EBBA  bucket  FLA   561735    210270        75   4364444   5214037    5627479    4369529    5580635     0.106651        847
WC_EBBA  bucket  FLA   561735    210270        90   4364444   5214037    5710168    4367184    5702885     0.105653        814
WC_EBBA  bucket  FLA   201231    733763        15   5116250   5623273    5718049    5177829    5702911     0.122792       1266
WC_EBBA  bucket  FLA   201231    733763        30   5116250   5623273    5812826    5158551    5810604     0.146574       1229
WC_EBBA  bucket  FLA   201231    733763        45   5116250   5623273    5907602    5128431    5905277     0.121468        958
WC_EBBA  bucket  FLA   201231    733763        60   5116250   5623273    6002379    5121187    5999706     0.119900        957
WC_EBBA  bucket  FLA   201231    733763        75   5116250   5623273    6097156    5118344    6088019     0.119993        957
WC_EBBA  bucket  FLA   201231    733763        90   5116250   5623273    6191932    5117253    6148507     0.115763        783
WC_EBBA  bucket  FLA   304042    406671        15   4774313   5999464    6153866    5071183    6153419     0.156987       3340
WC_EBBA  bucket  FLA   304042    406671        30   4774313   5999464    6308269    5052358    6296910     0.169897       3059
WC_EBBA  bucket  FLA   304042    406671        45   4774313   5999464    6462671    5042330    6453477     0.213284       5137
WC_EBBA  bucket  FLA   304042    406671        60   4774313   5999464    6617074    4794879    6606720     0.173173       1090
WC_EBBA  bucket  FLA   304042    406671        75   4774313   5999464    6771476    4785002    6771193     0.174274        953
WC_EBBA  bucket  FLA   304042    406671        90   4774313   5999464    6925879    4775316    6922204     0.171829        783
WC_EBBA  bucket  FLA  1068479    936844        15   5013110   5773134    5925036    5344086    5919983     0.119727       3474
WC_EBBA  bucket  FLA  1068479    936844        30   5013110   5773134    6076939    5338944    5994757     0.151271       3381
WC_EBBA  bucket  FLA  1068479    936844        45   5013110   5773134    6228842    5059157    6216476     0.290482      11488
WC_EBBA  bucket  FLA  1068479    936844        60   5013110   5773134    6380745    5025929    6356702     0.131054       1001
WC_EBBA  bucket  FLA  1068479    936844        75   5013110   5773134    6532648    5014179    6441133     0.110413        784
WC_EBBA  bucket  FLA  1068479    936844        90   5013110   5773134    6684551    5014179    6441133     0.110322        784
WC_EBBA  bucket  FLA   155520     84234        15   4296602   4979094    5315751    4382978    5314403     0.188651       1569
WC_EBBA  bucket  FLA   155520     84234        30   4296602   4979094    5652408    4364264    5632710     0.229940       1331
WC_EBBA  bucket  FLA   155520     84234        45   4296602   4979094    5989065    4364234    5720995     0.155575       1824
WC_EBBA  bucket  FLA   155520     84234        60   4296602   4979094    6325723    4364234    5720995     0.177304       5664
WC_EBBA  bucket  FLA   155520     84234        75   4296602   4979094    6662380    4317952    6662150     0.168901       2571
WC_EBBA  bucket  FLA   155520     84234        90   4296602   4979094    6999037    4302580    6960539     0.147188        861
WC_EBBA  bucket  FLA   543008    611818        15   4653400   5562032    5778632    4663471    5776773     0.153839        902
WC_EBBA  bucket  FLA   543008    611818        30   4653400   5562032    5995232    4655003    5994017     0.183146        822
WC_EBBA  bucket  FLA   543008    611818        45   4653400   5562032    6211832    4654797    6151122     0.166077        789
WC_EBBA  bucket  FLA   543008    611818        60   4653400   5562032    6428432    4654797    6151122     0.167664        789
WC_EBBA  bucket  FLA   543008    611818        75   4653400   5562032    6645032    4654797    6151122     0.166713        789
WC_EBBA  bucket  FLA   543008    611818        90   4653400   5562032    6861632    4654797    6151122     0.165209        789
WC_EBBA  bucket  FLA   377810     99545        15   8732209   9500928    9791531    8938556    9791448     0.471215       5069
WC_EBBA  bucket  FLA   377810     99545        30   8732209   9500928   10082135    8891595   10081306     0.660260       8216
WC_EBBA  bucket  FLA   377810     99545        45   8732209   9500928   10372738    8836530   10372549     1.601525      38021
WC_EBBA  bucket  FLA   377810     99545        60   8732209   9500928   10663342    8779260   10663319     1.221735      14965
WC_EBBA  bucket  FLA   377810     99545        75   8732209   9500928   10953945    8752867   10953750     0.676591      16421
WC_EBBA  bucket  FLA   377810     99545        90   8732209   9500928   11244549    8737295   11242868     0.288195       1615
WC_EBBA  bucket  FLA   860915    630570        15   3368717   4347718    4498772    3838360    4494115     0.099425       4721
WC_EBBA  bucket  FLA   860915    630570        30   3368717   4347718    4649827    3542482    4647311     0.100703       2244
WC_EBBA  bucket  FLA   860915    630570        45   3368717   4347718    4800881    3539699    4800220     0.110825       3574
WC_EBBA  bucket  FLA   860915    630570        60   3368717   4347718    4951936    3422562    4948921     0.109099       1622
WC_EBBA  bucket  FLA   860915    630570        75   3368717   4347718    5102990    3400900    5098275     0.099802       1355
WC_EBBA  bucket  FLA   860915    630570        90   3368717   4347718    5254045    3371652    5252536     0.089214        816
WC_EBBA  bucket  FLA   235161    321471        15   3519240   4079018    4129049    3596492    4108045     0.060802       1424
WC_EBBA  bucket  FLA   235161    321471        30   3519240   4079018    4179081    3592325    4139952     0.067332       1426
WC_EBBA  bucket  FLA   235161    321471        45   3519240   4079018    4229113    3592325    4139952     0.081859       1995
WC_EBBA  bucket  FLA   235161    321471        60   3519240   4079018    4279145    3521664    4278399     0.061656        808
WC_EBBA  bucket  FLA   235161    321471        75   3519240   4079018    4329176    3519474    4300598     0.061252        771
WC_EBBA  bucket  FLA   235161    321471        90   3519240   4079018    4379208    3519474    4300598     0.059669        771
WC_EBBA  bucket  FLA   189249     90123        15   1507898   1574869    1619229    1520377    1613706     0.004482          0
WC_EBBA  bucket  FLA   189249     90123        30   1507898   1574869    1663590    1512977    1655635     0.005691          0
WC_EBBA  bucket  FLA   189249     90123        45   1507898   1574869    1707951    1511237    1681818     0.004286        820
WC_EBBA  bucket  FLA   189249     90123        60   1507898   1574869    1752312    1511237    1681818     0.004153        820
WC_EBBA  bucket  FLA   189249     90123        75   1507898   1574869    1796673    1511237    1681818     0.004326        820
WC_EBBA  bucket  FLA   189249     90123        90   1507898   1574869    1841034    1509647    1835247     0.004163        795
WC_EBBA  bucket  FLA   525234    425219        15   1073136   1433201    1563190    1097978    1561332     0.018076       1325
WC_EBBA  bucket  FLA   525234    425219        30   1073136   1433201    1693179    1080104    1684451     0.020845       1029
WC_EBBA  bucket  FLA   525234    425219        45   1073136   1433201    1823168    1078707    1798674     0.011348        855
WC_EBBA  bucket  FLA   525234    425219        60   1073136   1433201    1953158    1077786    1840468     0.011194        840
WC_EBBA  bucket  FLA   525234    425219        75   1073136   1433201    2083147    1077786    1840468     0.011112        840
WC_EBBA  bucket  FLA   525234    425219        90   1073136   1433201    2213136    1077786    1840468     0.011274        840
WC_EBBA  bucket  FLA   528820    867350        15   1158430   1756925    1773783    1186825    1770764     0.009973       1149
WC_EBBA  bucket  FLA   528820    867350        30   1158430   1756925    1790641    1167005    1786582     0.010174        852
WC_EBBA  bucket  FLA   528820    867350        45   1158430   1756925    1807499    1166506    1801548     0.012112        902
WC_EBBA  bucket  FLA   528820    867350        60   1158430   1756925    1824357    1164869    1815705     0.010900        900
WC_EBBA  bucket  FLA   528820    867350        75   1158430   1756925    1841215    1162537    1840988     0.009953        870
WC_EBBA  bucket  FLA   528820    867350        90   1158430   1756925    1858073    1158538    1842425     0.009781        769
WC_EBBA  bucket  FLA  1001559   1027456        15   5574643   6094986    6353495    5851347    6345440     0.125194       3192
WC_EBBA  bucket  FLA  1001559   1027456        30   5574643   6094986    6612004    5587359    6592454     0.127725        870
WC_EBBA  bucket  FLA  1001559   1027456        45   5574643   6094986    6870513    5586962    6744854     0.100559        960
WC_EBBA  bucket  FLA  1001559   1027456        60   5574643   6094986    7129023    5586962    6744854     0.099456        960
WC_EBBA  bucket  FLA  1001559   1027456        75   5574643   6094986    7387532    5586962    6744854     0.103830        960
WC_EBBA  bucket  FLA  1001559   1027456        90   5574643   6094986    7646041    5575445    7641330     0.100978        960
WC_EBBA  bucket  FLA    39537    815292        15   5373408   6963023    7103934    5466443    7102850     0.125917       2376
WC_EBBA  bucket  FLA    39537    815292        30   5373408   6963023    7244845    5426981    7214738     0.159770       2378
WC_EBBA  bucket  FLA    39537    815292        45   5373408   6963023    7385756    5406336    7385664     0.165650       1706
WC_EBBA  bucket  FLA    39537    815292        60   5373408   6963023    7526667    5394640    7524939     0.154443       1462
WC_EBBA  bucket  FLA    39537    815292        75   5373408   6963023    7667579    5382543    7665856     0.148267       1004
WC_EBBA  bucket  FLA    39537    815292        90   5373408   6963023    7808490    5376888    7800767     0.145234        856
WC_EBBA  bucket  FLA   507564    516799        15    128228    252942     263085     137633     261924     0.000705          0
WC_EBBA  bucket  FLA   507564    516799        30    128228    252942     273228     137633     261924     0.000869          0
WC_EBBA  bucket  FLA   507564    516799        45    128228    252942     283371     132736     282446     0.000932        838
WC_EBBA  bucket  FLA   507564    516799        60    128228    252942     293514     131804     292765     0.000816        824
WC_EBBA  bucket  FLA   507564    516799        75    128228    252942     303657     129384     303432     0.000864        792
WC_EBBA  bucket  FLA   507564    516799        90    128228    252942     313800     128738     312104     0.000795        776
WC_EBBA  bucket  FLA   187963    707823        15   2984678   3938337    4019289    3121185    4016273     0.089262       2457
WC_EBBA  bucket  FLA   187963    707823        30   2984678   3938337    4100241    3039982    4099889     0.115500       3310
WC_EBBA  bucket  FLA   187963    707823        45   2984678   3938337    4181194    3015684    4180710     0.097976       2506
WC_EBBA  bucket  FLA   187963    707823        60   2984678   3938337    4262146    2994754    4259343     0.084272       1432
WC_EBBA  bucket  FLA   187963    707823        75   2984678   3938337    4343099    2989913    4341272     0.077831       1636
WC_EBBA  bucket  FLA   187963    707823        90   2984678   3938337    4424051    2986326    4423107     0.076447        803
WC_EBBA  bucket  FLA   408669    934174        15   2225687   2673608    2804061    2256659    2802033     0.059995       1757
WC_EBBA  bucket  FLA   408669    934174        30   2225687   2673608    2934514    2244703    2929298     0.076986       1618
WC_EBBA  bucket  FLA   408669    934174        45   2225687   2673608    3064967    2240230    3063857     0.065640       1070
WC_EBBA  bucket  FLA   408669    934174        60   2225687   2673608    3195420    2233074    3194511     0.050794        883
WC_EBBA  bucket  FLA   408669    934174        75   2225687   2673608    3325874    2232638    3254376     0.050331        876
WC_EBBA  bucket  FLA   408669    934174        90   2225687   2673608    3456327    2227905    3455078     0.050940        837
WC_EBBA  bucket  FLA   676979    958198        15    323739    558856     572107     345323     571001     0.003467        949
WC_EBBA  bucket  FLA   676979    958198        30    323739    558856     585358     337302     585141     0.003548        884
WC_EBBA  bucket  FLA   676979    958198        45    323739    558856     598610     336197     596806     0.003897        962
WC_EBBA  bucket  FLA   676979    958198        60    323739    558856     611861     336197     596806     0.004007        962
WC_EBBA  bucket  FLA   676979    958198        75    323739    558856     625113     324660     621810     0.003687        782
WC_EBBA  bucket  FLA   676979    958198        90    323739    558856     638364     324604     633213     0.003696        781
WC_EBBA  bucket  FLA   673172    980269        15   3310363   4149154    4257659    3436211    4244396     0.056906       1751
WC_EBBA  bucket  FLA   673172    980269        30   3310363   4149154    4366165    3352445    4365939     0.071193       1574
WC_EBBA  bucket  FLA   673172    980269        45   3310363   4149154    4474671    3328853    4467628     0.081861       1498
WC_EBBA  bucket  FLA   673172    980269        60   3310363   4149154    4583177    3321106    4541825     0.070193       1168
WC_EBBA  bucket  FLA   673172    980269        75   3310363   4149154    4691683    3315448    4687867     0.056614        847
WC_EBBA  bucket  FLA   673172    980269        90   3310363   4149154    4800188    3314382    4798693     0.055611        834
WC_EBBA  bucket  FLA   786863    747052        15   3409873   4622443    4859741    3519962    4858315     0.142231       2743
WC_EBBA  bucket  FLA   786863    747052        30   3409873   4622443    5097040    3442102    5096673     0.187433       2616
WC_EBBA  bucket  FLA   786863    747052        45   3409873   4622443    5334339    3437813    5266299     0.131186       1204
WC_EBBA  bucket  FLA   786863    747052        60   3409873   4622443    5571638    3437813    5266299     0.129197       1204
WC_EBBA  bucket  FLA   786863    747052        75   3409873   4622443    5808937    3418497    5807408     0.132444       1021
WC_EBBA  bucket  FLA   786863    747052        90   3409873   4622443    6046236    3413565    6045752     0.128889       1629
WC_EBBA  bucket  FLA  1016263   1068889        15    796660   1437194    1453411     885886    1446762     0.003671       1494
WC_EBBA  bucket  FLA  1016263   1068889        30    796660   1437194    1469628     880692    1466618     0.003949       1535
WC_EBBA  bucket  FLA  1016263   1068889        45    796660   1437194    1485846     866224    1485463     0.004462       1970
WC_EBBA  bucket  FLA  1016263   1068889        60    796660   1437194    1502063     816576    1499733     0.003916       1106
WC_EBBA  bucket  FLA  1016263   1068889        75    796660   1437194    1518281     813142    1517394     0.004076       1025
WC_EBBA  bucket  FLA  1016263   1068889        90    796660   1437194    1534498     804571    1531061     0.004033        919
WC_EBBA  bucket  FLA   855866    830889        15   1481582   1980949    2006042    1490550    1999171     0.025472       1005
WC_EBBA  bucket  FLA   855866    830889        30   1481582   1980949    2031135    1487377    2030821     0.028295        910
WC_EBBA  bucket  FLA   855866    830889        45   1481582   1980949    2056229    1485674    2055423     0.027910        838
WC_EBBA  bucket  FLA   855866    830889        60   1481582   1980949    2081322    1482476    2081085     0.026793        782
WC_EBBA  bucket  FLA   855866    830889        75   1481582   1980949    2106415    1482200    2100358     0.026610        777
WC_EBBA  bucket  FLA   855866    830889        90   1481582   1980949    2131509    1482188    2106903     0.025974        777
WC_EBBA  bucket  FLA   202914    221444        15   3839929   4423390    4600734    3919431    4600488     0.174473       5019
WC_EBBA  bucket  FLA   202914    221444        30   3839929   4423390    4778079    3901337    4776046     0.145737       2357
WC_EBBA  bucket  FLA   202914    221444        45   3839929   4423390    4955424    3899939    4952613     0.144817       4011
WC_EBBA  bucket  FLA   202914    221444        60   3839929   4423390    5132768    3878073    5131969     0.209045       3241
WC_EBBA  bucket  FLA   202914    221444        75   3839929   4423390    5310113    3850015    5310094     0.170466       5321
WC_EBBA  bucket  FLA   202914    221444        90   3839929   4423390    5487458    3841161    5486471     0.118661        957
WC_EBBA  bucket  FLA   193928    778838        15   2435089   3190609    3253204    2523795    3232093     0.038752       1589
WC_EBBA  bucket  FLA   193928    778838        30   2435089   3190609    3315800    2496111    3315790     0.046146       1652
WC_EBBA  bucket  FLA   193928    778838        45   2435089   3190609    3378395    2462872    3377917     0.046095       1671
WC_EBBA  bucket  FLA   193928    778838        60   2435089   3190609    3440991    2453414    3440091     0.042025       1118
WC_EBBA  bucket  FLA   193928    778838        75   2435089   3190609    3503587    2452379    3451858     0.038901       1038
WC_EBBA  bucket  FLA   193928    778838        90   2435089   3190609    3566182    2438509    3565824     0.038959        823
WC_EBBA  bucket  FLA     7966    854634        15   2556983   3045108    3121510    2580926    3099556     0.037550        963
WC_EBBA  bucket  FLA     7966    854634        30   2556983   3045108    3197913    2569180    3193179     0.045445       1124
WC_EBBA  bucket  FLA     7966    854634        45   2556983   3045108    3274316    2569105    3230796     0.036498        989
WC_EBBA  bucket  FLA     7966    854634        60   2556983   3045108    3350719    2560392    3337956     0.036332        989
WC_EBBA  bucket  FLA     7966    854634        75   2556983   3045108    3427122    2559077    3387363     0.033806        800
WC_EBBA  bucket  FLA     7966    854634        90   2556983   3045108    3503525    2557986    3447851     0.033030        783
WC_EBBA  bucket  FLA   527325    487388        15    816271   1183718    1194157     825894    1192608     0.005178        847
WC_EBBA  bucket  FLA   527325    487388        30    816271   1183718    1204597     822102    1204294     0.005246        828
WC_EBBA  bucket  FLA   527325    487388        45    816271   1183718    1215036     820884    1214741     0.005163        855
WC_EBBA  bucket  FLA   527325    487388        60    816271   1183718    1225476     819488    1225213     0.005334        833
WC_EBBA  bucket  FLA   527325    487388        75    816271   1183718    1235915     818017    1234657     0.005308        829
WC_EBBA  bucket  FLA   527325    487388        90    816271   1183718    1246355     816802    1244987     0.004938        785
WC_EBBA  bucket  FLA   232624    181886        15   4987999   6135615    6279888    5285891    6279675     0.223744       4339
WC_EBBA  bucket  FLA   232624    181886        30   4987999   6135615    6424162    5213111    6424150     0.511018      10977
WC_EBBA  bucket  FLA   232624    181886        45   4987999   6135615    6568436    5092368    6568047     0.442027       5211
WC_EBBA  bucket  FLA   232624    181886        60   4987999   6135615    6712710    5024194    6709329     0.278596       5104
WC_EBBA  bucket  FLA   232624    181886        75   4987999   6135615    6856984    4994698    6855391     0.208116       1925
WC_EBBA  bucket  FLA   232624    181886        90   4987999   6135615    7001258    4989900    6998600     0.184207        798
WC_EBBA  bucket  FLA   152752    691455        15   1179047   1549256    1582539    1205207    1552215     0.012080        973
WC_EBBA  bucket  FLA   152752    691455        30   1179047   1549256    1615823    1203304    1590610     0.013689        974
WC_EBBA  bucket  FLA   152752    691455        45   1179047   1549256    1649107    1193863    1642887     0.013500       1047
WC_EBBA  bucket  FLA   152752    691455        60   1179047   1549256    1682391    1186801    1678252     0.013301        969
WC_EBBA  bucket  FLA   152752    691455        75   1179047   1549256    1715675    1181055    1693892     0.012511        847
WC_EBBA  bucket  FLA   152752    691455        90   1179047   1549256    1748958    1179152    1732287     0.011693        769
WC_EBBA  bucket  FLA   502285    832287        15   3346988   3828218    3885169    3394335    3883885     0.075654       1269
WC_EBBA  bucket  FLA   502285    832287        30   3346988   3828218    3942121    3383265    3938778     0.076826       1278
WC_EBBA  bucket  FLA   502285    832287        45   3346988   3828218    3999073    3356007    3996755     0.102649        909
WC_EBBA  bucket  FLA   502285    832287        60   3346988   3828218    4056024    3354640    4037420     0.070950        887
WC_EBBA  bucket  FLA   502285    832287        75   3346988   3828218    4112976    3354640    4037420     0.069226        887
WC_EBBA  bucket  FLA   502285    832287        90   3346988   3828218    4169928    3354640    4037420     0.069527        887
WC_EBBA  bucket  FLA   651253    844256        15   6224670   7277125    7565129    6695274    7558153     0.152630       5375
WC_EBBA  bucket  FLA   651253    844256        30   6224670   7277125    7853134    6587659    7851999     0.251182      11981
WC_EBBA  bucket  FLA   651253    844256        45   6224670   7277125    8141138    6452250    8141114     0.343962      26617
WC_EBBA  bucket  FLA   651253    844256        60   6224670   7277125    8429143    6351024    8429057     0.204184       9279
WC_EBBA  bucket  FLA   651253    844256        75   6224670   7277125    8717148    6238477    8714920     0.186884       4667
WC_EBBA  bucket  FLA   651253    844256        90   6224670   7277125    9005152    6231206    9004091     0.151367        881
WC_EBBA  bucket  FLA   364044    754778        15   2986616   3999163    4195340    3381021    4180852     0.089726       4374
WC_EBBA  bucket  FLA   364044    754778        30   2986616   3999163    4391517    3046203    4389260     0.116724       1256
WC_EBBA  bucket  FLA   364044    754778        45   2986616   3999163    4587694    3003111    4586651     0.094859       1169
WC_EBBA  bucket  FLA   364044    754778        60   2986616   3999163    4783871    2999153    4783799     0.091031        966
WC_EBBA  bucket  FLA   364044    754778        75   2986616   3999163    4980048    2999134    4793701     0.091120        963
WC_EBBA  bucket  FLA   364044    754778        90   2986616   3999163    5176225    2994046    5175229     0.091665        927
WC_EBBA  bucket  FLA    98381    605191        15    768037    918833     978782     795632     978781     0.025366       1084
WC_EBBA  bucket  FLA    98381    605191        30    768037    918833    1038732     783558    1038481     0.032787       1075
WC_EBBA  bucket  FLA    98381    605191        45    768037    918833    1098682     769292    1089814     0.023380       1001
WC_EBBA  bucket  FLA    98381    605191        60    768037    918833    1158632     768580    1151027     0.025381        991
WC_EBBA  bucket  FLA    98381    605191        75    768037    918833    1218582     768478    1184333     0.019922        775
WC_EBBA  bucket  FLA    98381    605191        90    768037    918833    1278532     768152    1274144     0.019844        775
WC_EBBA  bucket  FLA   280800    786698        15   1867069   2631626    2717214    1885288    2716363     0.026766        950
WC_EBBA  bucket  FLA   280800    786698        30   1867069   2631626    2802803    1883285    2779994     0.031222          0
WC_EBBA  bucket  FLA   280800    786698        45   1867069   2631626    2888392    1883285    2779994     0.027672       1021
WC_EBBA  bucket  FLA   280800    786698        60   1867069   2631626    2973981    1881995    2968492     0.027761       1001
WC_EBBA  bucket  FLA   280800    786698        75   1867069   2631626    3059570    1881858    3055930     0.027986       1001
WC_EBBA  bucket  FLA   280800    786698        90   1867069   2631626    3145159    1873518    3130868     0.026547        868
WC_EBBA  bucket  FLA   332483    806000        15    387522    571045     592666     422178     592136     0.006824       1073
WC_EBBA  bucket  FLA   332483    806000        30    387522    571045     614288     397574     612509     0.008322        985
WC_EBBA  bucket  FLA   332483    806000        45    387522    571045     635910     390312     635211     0.007430        922
WC_EBBA  bucket  FLA   332483    806000        60    387522    571045     657532     390081     656537     0.007638        838
WC_EBBA  bucket  FLA   332483    806000        75    387522    571045     679153     388718     675874     0.006301        803
WC_EBBA  bucket  FLA   332483    806000        90    387522    571045     700775     387944     691483     0.006317        774
